Observer	BirdID	Year	Age	Ornament
NO	4480	2001	1	35.34999943
NO	4482	2001	2	36.69999949
NO	4483	2001	1	34.23333232
NO	4486	2000	1	34.36666743
NO	16	2002	1	39.23333359
SN	24	2004	3	34.48333295
NO	55	2002	1	37.72500038
SN	104	2003	2	37.93333435
NO	126	2002	1	38.58333333
NO	126	2002	1	38.58333333
SN	129	2003	2	36
NO	4152	2000	0	35.80000051
NO	4158	2001	1	37.5333341
NO	4167	2000	0	36.90000025
NO	4254	2000	0	35.63333257
NO	4250	2000	0	34.23333359
NO	4259	2000	0	33.39999898
NO	4276	2001	1	36.93333308
SN	4274	2003	3	29.76666705
NO	4282	2000	0	36.80000051
NO	4302	2000	0	35.73333359
NO	4309	2000	0	35.93333308
NO	4311	2000	0	34.40000025
SN	457	2004	2	39.36666616
SN	818	2004	1	35.66666667
SN	11	2004	3	NA
SN	1043	2004	1	37.20000076
SN	494	2004	1	37.38333321
SN	663	2004	2	36.45000013
SN	959	2004	1	35.46666718
SN	663	2004	2	35.71666718
SN	421	2004	2	37.58333333
SN	1038	2004	1	35.61666679
SN	1053	2004	1	36.33333333
SN	1259	2005	1	39.96666718
SN	1929	2005	1	37.16666667
SN	1697	2005	1	36.16666667
SN	1053	2005	2	40.59999975
SN	1504	2005	1	32.4666659
SN	1956	2005	1	40.79999924
SN	285	2005	3	39.63333384
SN	1464	2005	1	40.36666616
SN	456	2005	3	39.66666667
SN	591	2005	3	38.50000127
NO	4322	2000	0	35.93333308
NO	144	2001	0	38.89999898
NO	150	2002	1	36.43333308
NO	150	2002	1	36.43333308
NO	161	2002	1	35.69999949
SN	178	2003	2	36.56666565
NO	212	2001	0	34.45000076
NO	4502	2001	1	34.09999847
SN	4421	2004	3	34.93333308
SN	287	2004	2	35.19999981
SN	132	2004	3	34.70000013
SN	765	2004	1	37.23333232
SN	11	2004	3	35.44999981
SN	11	2004	3	34.84999943
SN	823	2004	1	36.95000013
SN	460	2004	2	36.625
SN	517	2004	1	35.39999962
SN	22	2004	3	36.125
SN	661	2004	2	36.5333341
SN	417	2004	2	34.56666692
SN	409	2004	2	34.21666654
SN	500	2004	1	31.54999987
SN	822	2004	1	35.06666692
SN	115	2004	3	40.54999987
SN	285	2004	2	37.83333333
SN	22	2004	3	36.77500057
SN	504	2004	1	34.25
SN	513	2004	1	35.20000013
SN	466	2004	2	37.26666641
SN	356	2004	2	39.43333371
SN	114	2004	3	37.40000025
SN	354	2004	2	36.54999924
SN	251	2004	3	34.44000015
SN	4383	2004	2	37.86666743
SN	1095	2004	1	36.72499943
SN	23	2004	3	40.33333397
SN	363	2004	2	32.31666724
SN	383	2004	2	39.1666673
SN	422	2003	1	34.43333308
SN	590	2004	2	41.40000025
SN	626	2003	1	38.4666659
SN	645	2003	1	31.39999962
SN	660	2005	3	37.85999985
SN	663	2004	2	35.7833341
SN	765	2006	3	38.5
SN	1099	2004	2	34.29999987
SN	822	2005	2	38.60000102
SN	898	2003	0	31.35000038
SN	902	2006	3	37.32499981
DG	494	2006	3	46.26666641
SN	499	2005	2	36.22500038
DG	500	2006	3	40.69999949
SN	517	2005	2	36.81666629
SN	504	2006	3	34.04000015
SN	513	2005	2	38.86666616
SN	529	2004	1	32.3499999
SN	957	2005	2	39.73333232
SN	959	2006	3	37.70000076
SN	974	2006	3	39.59999943
SN	971	2004	1	38.64999962
SN	993	2006	3	38.6
SN	1038	2006	3	40.34000015
SN	4383	2005	3	40.03333282
SN	1103	2005	3	35.6666673
SN	4385	2003	1	33
SN	4386	2003	1	32.56666692
SN	4388	2004	2	36.26666768
SN	1210	2007	3	37.73333359
SN	1226	2006	2	37.53333282
SN	1227	2007	3	38.0333341
SN	1343	2006	2	39.34000092
DG	1438	2006	2	45.16666667
SN	1448	2006	2	37.16666667
DG	1464	2006	2	50.06666565
SN	1519	2005	1	33.33999939
SN	1591	2005	1	31.36666679
SN	2003	2005	2	42.5
SN	2006	2005	2	36.23333359
SN	1697	2007	3	39.16666667
SN	1717	2006	2	39.10000038
SN	2010	2005	2	31.13333384
SN	1738	2006	2	30.25
SN	2012	2005	2	37.32499981
SN	1793	2005	1	39.13333384
SN	1818	2005	1	35.45000076
SN	1898	2006	2	39.25
SN	1906	2006	2	35.72000046
SN	1930	2005	1	29.93333308
SN	1933	2006	2	36.24000092
SN	1935	2006	2	39.7833341
SN	1939	2005	1	34.0333341
SN	1956	2006	2	37.40000025
DG	1954	2006	2	46.43333308
SN	2018	2005	2	36.98000107
DG	2053	2006	1	50.36666743
SN	2153	2007	2	41.23333359
SN	2154	2006	1	38.54999987
DG	2187	2006	1	48.79999924
SN	2173	2007	2	30.23333359
DG	2202	2006	1	47.06666565
SN	2257	2006	1	38.10000038
SN	2241	2006	1	31.08333302
DG	2246	2006	1	47.80000051
DG	2233	2006	1	46.63333257
SN	2268	2006	1	34.36666616
SN	2352	2006	1	32.42500019
SN	2366	2006	1	36.125
SN	2403	2006	1	33.34000015
SN	2461	2006	1	34.85000038
SN	2464	2006	1	36.16000061
SN	2479	2006	1	38.60000076
SN	2488	2006	1	35.11666679
SN	2475	2006	1	36.45000013
SN	3052	2006	2	35.93333371
SN	2533	2006	1	34.77999954
SN	2559	2006	1	32.87999954
SN	2576	2006	1	36.73999939
SN	2583	2006	1	33.54999987
SN	2595	2006	1	35.15000025
SN	2605	2006	1	32.30000051
SN	2619	2006	1	34.80000019
SN	2625	2006	1	34.47500038
SN	2656	2006	1	36.29999924
SN	2650	2006	1	32.71999969
SN	2651	2006	1	33.90000025
SN	2675	2006	1	40.61666616
SN	2681	2006	1	33.44000015
SN	2692	2006	1	37.46000061
SN	2693	2007	2	36.23333359
SN	2703	2006	1	36.86666679
SN	2731	2006	1	32.875
SN	2747	2006	1	36.54999924
SN	3067	2006	1	36.66666667
SN	2760	2006	1	34.60000076
SN	2768	2007	2	37.56666692
SN	2759	2006	1	34.02000046
SN	2807	2006	1	35.13333384
SN	2801	2006	1	33.29999987
SN	2806	2006	1	33.83333333
SN	2819	2006	1	35.14999962
SN	2833	2006	1	33.76666641
SN	2874	2006	1	34.29999924
DG	2866	2006	1	42.13333384
SN	2904	2007	2	37.83333333
DG	2906	2006	1	48.80000051
SN	2923	2006	1	34.60000038
SN	2935	2006	1	32.48333295
SN	2944	2007	2	39
DG	2945	2006	1	43.76666641
SN	2968	2006	1	34.60000102
SN	2969	2006	1	29.63333321
SN	2971	2006	1	35.16666667
SN	3014	2006	1	34.12000046
SN	4395	2006	2	36.23333359
SN	3276	2007	1	34.93333308
SN	3301	2007	1	37.56666692
SN	3304	2007	1	36.76666641
SN	3370	2007	1	36.4666659
SN	3445	2007	1	35.63333384
SN	3431	2007	1	35.60000102
SN	3442	2007	1	31.03333346
SN	3450	2007	1	35.90000025
SN	3478	2007	1	35.09999975
SN	3496	2007	1	32.83333333
SN	3528	2007	1	35.16666667
SN	3540	2007	1	31.9666659
IC	3684	2008	1	32.39999898
IC	3708	2008	1	34.86666616
IC	3764	2008	1	33.30000051
IC	3765	2008	1	36.59999975
IC	3717	2008	1	26.90000025
IC	3847	2008	2	34.16666667
NO	4414	2000	1	34.26666641
NO	4416	2000	2	34.36666616
NO	4419	2002	3	40.36666616
SN	4426	2005	2	37.23333359
NO	4428	2000	3	36.80000051
NO	4432	2000	3	33.50000127
NO	4433	2000	3	31.76666705
NO	4449	2000	1	31.40000057
NO	4455	2000	1	35.96666718
NO	4469	2000	0	34.09999975
NO	4470	2001	1	35.79999924
NO	4477	2002	2	36.04999924
SN	1569	2005	1	34.90000025
SN	984	2005	2	41.80000051
SN	457	2005	3	36.19999949
SN	4390	2005	2	29.23333359
SN	661	2005	3	35.56666692
SN	356	2005	3	41.0333341
SN	354	2005	3	37.56666565
SN	1933	2005	1	39.30000051
SN	1902	2005	1	33.29999924
SN	1970	2005	1	34.89999898
SN	460	2005	3	NA
SN	650	2005	3	35.60000102
SN	409	2005	3	35.40000025
SN	1227	2005	1	34.39999962
SN	831	2005	2	40.23333359
SN	1343	2005	1	34.26666641
SN	1954	2005	1	30.93333371
SN	1500	2005	1	36.06666565
SN	1898	2005	1	34.85000038
SN	1353	2005	1	35.75
SN	1226	2005	1	35.76666641
SN	1717	2005	1	34.05000019
SN	504	2005	2	33.875
SN	993	2005	2	37.36666616
SN	765	2005	2	38.46666718
SN	287	2005	3	33.86666743
SN	818	2005	2	36.56666692
SN	417	2005	3	40.90000025
SN	1448	2005	1	37.79999987
SN	959	2005	2	38.05000051
SN	494	2005	2	42.56666692
SN	1095	2005	2	39.42500019
SN	902	2005	2	38.36000061
SN	499	2005	2	37.61666679
SN	1092	2005	2	34.33999939
SN	418	2005	3	38.27500057
SN	1906	2005	1	32.1500001
SN	393	2005	3	37.86000061
SN	2971	2006	1	35.81999969
SN	2968	2006	1	32.91000023
SN	2968	2006	1	32.91000023
SN	1343	2006	2	39.875
SN	4395	2006	2	35.38333321
SN	2628	2006	1	35.99999936
SN	2651	2006	1	32.33333397
SN	1448	2006	2	38.75999985
SN	2453	2006	1	31.64999962
SN	2768	2006	1	37.14999962
SN	2625	2006	1	34.24000015
SN	2605	2006	1	30.07999954
SN	4378	2006	2	37.67999954
SN	2693	2006	1	37.47999954
SN	2451	2006	1	39.98333359
SN	2866	2006	1	36.88000031
SN	2322	2006	1	35.33333333
SN	1438	2006	2	35.03333346
SN	2833	2006	1	31.39999924
SN	1226	2006	2	33.54000015
SN	650	2003	1	36.59999975
SN	393	2003	1	37.03333282
SN	602	2003	1	37.63333384
SN	301	2003	1	38
SN	457	2003	1	38
SN	363	2003	1	36.26666641
SN	132	2003	2	30
SN	356	2003	1	31.90000025
SN	456	2003	1	37.66666794
SN	660	2003	1	36.08500099
SN	301	2003	1	37.70000076
SN	22	2003	2	33.63333384
SN	4326	2003	3	37.56666692
SN	370	2003	1	32.9666659
SN	24	2003	2	31.20000013
SN	4229	2003	3	31.93333435
SN	354	2003	1	31.23333359
SN	4230	2003	3	36.73333359
SN	626	2003	1	34.80000051
SN	663	2003	1	30.56666629
SN	4153	2003	3	39.00000127
SN	590	2003	1	35.06666692
SN	4467	2003	3	33.93333308
SN	114	2003	2	35.53333282
SN	145	2003	2	38.93333308
SN	417	2003	1	35.33333333
SN	4247	2003	3	32.40000025
SN	11	2003	2	34.26666641
SN	4275	2003	3	NA
SN	166	2004	3	37.15999985
SN	902	2004	1	NA
SN	4423	2004	3	33.51999969
SN	831	2004	1	33.3
SN	2542	2006	1	33.08000031
SN	494	2006	3	40.46666718
SN	1227	2006	2	38.36000061
SN	2597	2006	1	38.13333321
SN	765	2006	3	37.18000031
SN	2945	2006	1	34.63333384
SN	2661	2006	1	36.70000076
SN	2944	2006	1	37.53333346
SN	2480	2006	1	34.35000038
SN	1956	2006	2	32.42500019
SN	2656	2006	1	35.07999954
SN	2354	2006	1	34.70000076
SN	2153	2006	1	38.26666705
SN	2904	2006	1	37.54999987
SN	818	2006	3	36.29999924
SN	2906	2006	1	31.85000038
SN	2233	2006	1	36.96666654
SN	4390	2006	3	36.67500019
SN	984	2006	3	42.67500019
SN	2945	2006	1	35.90000076
SN	2202	2006	1	37.17999954
SN	959	2006	3	39.22499943
SN	2833	2006	1	33.89999962
SN	2730	2006	1	38.16666667
SN	2924	2006	1	31.78000031
SN	1053	2006	3	37.51666705
SN	2866	2006	1	35.91999969
SN	2924	2006	1	32.64999962
SN	2396	2006	1	34.87999954
SN	1697	2006	2	37.55000051
SN	3394	2007	1	39.09999975
SN	2453	2007	2	36.76666641
SN	2322	2007	2	38.63333257
NO	4419	2001	2	36.05000019
SN	1103	2003	1	35.40000153
SN	114	2003	2	35.69999949
SN	831	2003	0	35.76666768
SN	898	2003	0	30.85000038
SN	448	2003	1	39.86666616
SN	4383	2004	2	36
SN	354	2004	2	35.43333308
SN	661	2004	2	38.56666692
SN	1053	2004	1	35.56666692
SN	974	2004	1	35.66666794
SN	650	2004	2	35.33333333
SN	993	2004	1	37.16666667
SN	418	2004	2	35.66666667
SN	166	2004	3	35.83333333
SN	517	2004	1	36.70000076
SN	957	2004	1	36.73333359
SN	971	2004	1	38.80000051
SN	110	2004	3	40.56666565
SN	383	2004	2	36.86666743
SN	505	2004	1	32.56666756
SN	818	2004	1	36.75000095
SN	590	2004	2	38.98333359
SN	22	2004	3	37.16666667
SN	4422	2004	3	36.85000038
SN	537	2004	1	37.15000057
SN	725	2004	2	37.94999981
NO	4418	2001	2	38.26666641
SN	4304	2003	3	37.66666667
SN	4265	2003	3	35.26666641
SN	962	2004	1	33.93333435
SN	466	2004	2	32.83333333
SN	145	2004	3	37.20000076
SN	287	2004	2	38.33333333
SN	393	2004	2	37.63333384
SN	926	2004	1	32.56666565
SN	823	2004	1	35.93333308
SN	166	2003	2	32.43333371
SN	46	2004	3	36.91666667
SN	1738	2005	1	33.30000051
SN	974	2005	2	39.19999981
SN	725	2005	3	38.55000051
SN	2924	2006	1	33.86666743
SN	4378	2006	2	34.96666718
SN	1095	2006	3	38.90000025
SN	494	2006	3	38.13333384
SN	4390	2006	3	35.19999949
SN	1210	2006	2	34.40000025
DG	2768	2006	1	36.86666743
DG	2693	2006	1	37.43333308
DG	2173	2006	1	41.16666667
SN	984	2006	3	50.09999975
DG	2453	2006	1	47.56666692
DG	984	2006	3	52.43333435
DG	2661	2006	1	45.63333384
DG	1569	2006	2	46.80000051
DG	2153	2006	1	48.73333359
DG	2904	2006	1	48.43333308
DG	494	2006	3	46.46666718
SN	3285	2007	1	34.73333232
SN	2651	2007	2	33.40000025
SN	3478	2007	1	34.86666616
SN	3442	2007	1	32.09999975
SN	3430	2007	2	31.26666705
IC	2651	2008	3	35.20000076
IC	3717	2008	1	29.33333333
IC	3359	2008	2	37.53333282
IC	3766	2008	1	33.1666654
IC	2693	2008	3	36.36666743
IC	3719	2008	1	37.19999949
IC	3850	2008	1	34.96666718
IC	3450	2008	2	38.40000025
IC	3430	2008	3	37.16666667
IC	3478	2008	2	34
IC	3285	2008	2	33.66666667
IC	3766	2008	1	32.16666667
IC	2605	2008	3	30.16666667
IC	3276	2008	2	31.90000025
IC	3766	2008	1	29.93333371
IC	3359	2008	2	30.70000013
IC	3442	2008	2	30.86666679
IC	3496	2008	2	31.26666705
NO	4464	2000	1	37.16666667
NO	4412	2000	3	31.13333321
NO	4413	2000	1	33.20000076
NO	4416	2000	2	32.14999962
NO	4417	2000	1	37
NO	4428	2000	3	34.56666692
NO	4429	2000	3	33.35000038
NO	4432	2000	3	30.96666654
NO	4439	2000	3	37.44999886
IC	4508	2009	1	28.36666679
IC	4509	2009	1	27.20000013
IC	4070	2009	1	25.63333321
IC	4051	2009	1	31.69999949
IC	3764	2009	2	29.3333327
IC	4039	2009	1	26
IC	3359	2009	3	29.26666641
IC	4060	2009	1	29.33333333
IC	4109	2009	1	26.60000038
IC	4072	2009	1	28.16666667
IC	4079	2009	1	29.79999987
IC	4033	2009	1	28.66666667
IC	4108	2009	1	28.40000025
IC	3370	2009	3	30.83333333
IC	4512	2009	1	29.70000076
IC	4119	2009	1	26.60000038
IC	4117	2009	2	29.36666679
IC	4078	2009	1	27.60000038
IC	3496	2009	3	28.76666705
IC	4023	2009	1	27.69999949
IC	4071	2009	1	28.70000013
IC	3717	2009	2	28.43333371
SN	1099	2003	1	33
SN	4383	2003	1	35.5
SN	1053	2003	0	32.09999847
SN	466	2004	2	32.36666616
SN	460	2004	2	35.30000051
SN	393	2004	2	38.66666667
SN	393	2004	2	36.02499962
SN	456	2004	2	37.83333333
SN	993	2004	1	40.36666743
SN	466	2004	2	32.06666692
SN	456	2004	2	39.15000057
SN	456	2004	2	37.2166659
SN	765	2004	1	41.20000076
SN	285	2004	2	37.80000051
SN	902	2004	1	38.06666692
SN	591	2004	2	38.95000013
SN	166	2004	3	36.84999975
SN	417	2004	2	37.23333359
SN	4421	2004	3	35.83333397
SN	4389	2005	2	35.33333206
SN	287	2003	1	36.13333384
SN	287	2003	1	34.86666616
SN	421	2003	1	33.33333333
SN	4275	2003	3	34.53333282
SN	457	2005	3	38.54000015
SN	993	2005	2	41.23333232
SN	287	2005	3	35.56666692
SN	650	2005	3	33.93999939
SN	1210	2005	1	33.4666659
SN	823	2005	2	33.73333486
SN	504	2005	2	32.75
SN	1935	2005	1	32.93333308
SN	1500	2005	1	35.14999962
SN	1738	2005	1	29.20000029
SN	902	2005	2	39.16000061
SN	466	2005	3	33.37499905
SN	765	2005	2	38
SN	1464	2005	1	37.83333333
SN	823	2005	2	36.09999975
SN	460	2005	3	34.37999954
SN	974	2005	2	38.92499924
SN	1935	2005	1	NA
SN	1038	2005	2	38.52500057
SN	460	2005	3	33.4
SN	1343	2005	1	35.85000134
SN	1210	2005	1	30.73333359
SN	1438	2005	1	30.4749999
SN	1954	2005	1	33.77999954
SN	984	2005	2	37.63333257
SN	661	2005	3	35.3
NO	4413	2000	1	38.14999962
NO	4435	2000	3	32.79999924
NO	4439	2000	3	34.90000025
NO	4455	2000	1	34.63333257
NO	4429	2000	3	35.13333384
NO	4417	2000	1	36.35000038
NO	4439	2000	3	33.83333333
NO	4463	2000	1	35.77499962
NO	4483	2000	0	35.60000102
NO	4428	2000	3	35
NO	4412	2000	3	35
NO	4413	2000	1	31.89999962
NO	4482	2000	1	36.22500134
NO	4412	2000	3	36.16666794
NO	4467	2000	0	34.80000051
NO	4302	2000	0	33.63333384
NO	4419	2000	1	35.29999924
NO	4439	2000	3	33.56666565
NO	4467	2000	0	33.29999924
NO	4470	2000	0	33.90000025
NO	4152	2000	0	35.63333384
NO	4158	2000	0	34.66666794
NO	4259	2000	0	32.20000013
NO	4265	2000	0	35.33333333
NO	4276	2000	0	34
NO	4275	2000	0	33.76666705
NO	4282	2000	0	36.43333435
NO	4302	2000	0	33.60000102
NO	4303	2000	0	35.29999924
NO	4311	2000	0	32.29999955
NO	4311	2000	0	32.29999955
NO	4322	2000	0	33.23333232
NO	4325	2000	0	34.96666718
NO	4326	2000	0	35.73333359
NO	4467	2000	0	36.06666692
NO	4480	2000	0	35.86666616
NO	4482	2000	1	36.9666659
NO	4158	2000	0	36.26666641
NO	4276	2000	0	34.76666641
NO	4295	2000	0	35.63333384
NO	4304	2000	0	36.76666641
NO	4309	2000	0	34.90000025
NO	4309	2000	0	34.90000025
NO	4311	2000	0	33.56666692
NO	4412	2000	3	35.13333384
NO	4429	2000	3	36.5333341
NO	4482	2000	1	35.90000025
NO	4276	2000	0	35.6666673
NO	4276	2000	0	35.6666673
NO	4274	2000	0	36.19999949
NO	4303	2000	0	36.43333435
NO	4326	2000	0	37.23333359
NO	4412	2000	3	39
NO	4230	2000	0	35.79999924
NO	4153	2001	1	37.55000019
NO	4264	2001	1	34.125
NO	4464	2001	2	35.30000051
NO	4470	2001	1	34.63333384
NO	4467	2001	1	36.59999975
NO	4415	2001	2	38
NO	4153	2001	1	37.70000076
NO	4417	2001	2	34.23333359
NO	4265	2001	1	35.33333333
NO	4295	2001	1	38.60000038
NO	4477	2001	1	36.30000019
NO	4470	2001	1	35.90000025
NO	4326	2001	1	37.72500134
NO	4463	2001	2	35.72499943
NO	4230	2001	1	35.9666659
NO	4303	2001	1	37.86666616
NO	4275	2001	1	35.09999847
NO	4264	2001	1	35.64999962
NO	4304	2001	1	37.30000051
NO	4304	2001	1	36.33333333
NO	4467	2001	1	35.13333257
NO	13	2001	0	36.25999908
NO	13	2001	0	36.25999908
NO	132	2001	0	36.80000051
NO	4303	2001	1	39.43333308
NO	4325	2001	1	37.83333333
NO	4326	2001	1	38.19999949
NO	150	2001	0	39.45000076
NO	178	2001	0	37.83333333
NO	11	2001	0	35.86666616
NO	4295	2001	1	36.66666667
NO	150	2001	0	37.19999949
NO	4503	2001	1	34.97500038
NO	115	2001	0	35.93333308
NO	23	2002	1	36.46666718
NO	44	2002	1	36.10000038
NO	126	2002	1	37.875
NO	132	2002	1	34.70000022
NO	132	2002	1	34.70000022
NO	4265	2002	2	36.72499943
NO	4325	2002	2	37.5
NO	4326	2002	2	37.95000076
NO	161	2002	1	35.57499886
NO	251	2002	1	36.56666692
NO	115	2002	1	35.84999943
NO	4230	2002	2	39.56666565
NO	4464	2002	3	39.82499981
NO	4153	2002	2	38.79999924
NO	11	2002	1	39.29999924
NO	4463	2002	3	39.09999943
NO	129	2002	1	38.33333333
NO	4274	2002	2	39.39999898
NO	4275	2002	2	39.02499962
NO	46	2002	1	36.70000076
NO	104	2002	1	39.43333308
NO	22	2002	1	41
NO	4303	2002	2	38.5333341
SN	2202	2006	1	39.56666692
SN	2322	2006	1	34.6666654
DG	2322	2006	1	41.46666718
DG	2924	2006	1	44.66666667
IC	2202	2007	2	37.66666667
IC	3442	2007	1	NA
IC	1697	2007	3	NA
IC	3478	2007	1	32.80000051
IC	2651	2007	2	34.60000102
IC	3460	2007	1	31.23333359
IC	3848	2008	2	34.06666819
IC	3719	2008	1	36.63333257
IC	3717	2008	1	31.09999975
IC	3765	2008	1	35.43333308
IC	3766	2008	1	31.43333308
IC	4117	2009	2	25.79999987
IC	4060	2009	1	29.53333346
IC	4051	2009	1	31.69999949
SG	4402	1995	1	38.20000076
SG	4412	1999	2	31.76666641
SG	4416	1999	1	38.19999949
SG	4432	1999	2	33.43333308
SN	1043	2004	1	38.09999975
SN	1500	2005	1	34.19999949
SN	2353	2006	1	30.76666705
IC	3285	2009	3	30.56666692
IC	4072	2009	1	39.73333359
IC	3496	2009	3	35.23333359
IC	4119	2009	1	31.6666673
IC	3764	2009	2	31.96666654
IC	4509	2009	1	30.79999987
IC	4098	2009	1	29.33333333
IC	4087	2009	1	33.10000102
IC	3684	2009	2	32.5
IC	4070	2009	1	31.89999962
IC	4033	2009	1	33.43333308
IC	4076	2009	1	33.29999924
IC	4082	2009	1	32.63333257
IC	3717	2009	2	33.26666641
IC	3442	2009	3	34.16666794
IC	4039	2009	1	34.86666616
IC	4117	2009	2	34.09999975
IC	3442	2009	3	35.03333282
IC	4071	2009	1	33.6666654
IC	4029	2009	1	35.83333333
IC	4512	2009	1	35.33333333
IC	4051	2009	1	35.09999975
IC	4079	2009	1	37.19999949
IC	4120	2009	1	35.63333384
IC	3450	2009	3	40.26666641
IC	4029	2009	1	35.40000025
IC	4076	2009	1	33.16666667
IC	4087	2009	1	33.89999898
IC	4098	2009	1	29.46666654
IC	4033	2009	1	35.40000025
IC	4039	2009	1	31.96666718
IC	3496	2009	3	36.06666565
IC	4509	2009	1	31.56666692
IC	4119	2009	1	31.70000013
IC	3496	2009	3	34.96666718
IC	4761	2010	1	27.63333321
JS	4730	2010	1	22.73333359
JS	4756	2010	1	21.56666629
IC	4071	2010	2	29.03333346
IC	4087	2010	2	29.06666629
IC	4717	2010	1	32.46666718
IC	4707	2010	1	29.20000013
IC	4730	2010	1	30.23333295
IC	4664	2010	1	31.53333346
IC	4649	2010	1	31.5
IC	4098	2010	2	31.5
IC	4737	2010	1	27.29999987
IC	4722	2010	1	32.29999924
IC	4664	2010	1	26.66666667
IC	4703	2010	1	31.23333295
IC	4119	2010	2	31.03333282
IC	4509	2010	2	31.03333282
IC	4649	2010	1	29.86666679
IC	4573	2010	1	30.06666692
IC	4620	2010	1	33.26666641
IC	4757	2010	1	30.26666641
IC	4706	2010	1	25.53333346
IC	4753	2010	1	29.06666629
IC	4082	2010	2	32.79999924
IC	4722	2010	1	30.5
IC	4568	2010	1	30.96666654
IC	4707	2010	1	26.90000025
IC	4722	2010	1	28.40000025
IC	4512	2010	2	32.93333308
IC	4649	2010	1	30.59999975
IC	4082	2010	2	32.20000013
IC	4699	2010	1	31.59999975
IC	4569	2010	1	31.36666679
IC	4664	2010	1	28.23333359
IC	4717	2010	1	27.86666679
IC	4758	2010	1	32.73333359
IC	4039	2010	2	29.76666641
IC	4706	2010	1	27.53333346
IC	4569	2010	1	30.29999987
IC	4051	2010	2	30.8333327
IC	4757	2010	1	30.03333346
MI	5050	2011	1	40.53333282
JS	5059	2011	1	32.06666692
JS	5061	2011	1	31.56666692
JS	5623	2011	1	20.53333346
JS	4901	2011	1	28.90000025
JS	4939	2011	1	33.09999975
JS	5032	2011	1	22.96666654
JS	5035	2011	1	30.70000013
JS	4885	2011	1	30.70000013
JS	5062	2011	1	29.1666673
JS	4960	2011	1	29.56666692
JS	4941	2011	1	34.23333359
JS	5031	2011	1	27.29999987
JS	4717	2011	2	26.5
JS	4758	2011	2	25.33333333
JS	5008	2011	1	31.06666692
JS	5623	2011	1	25.93333308
JS	5065	2011	1	31.36666679
JS	4964	2011	1	25.63333321
JS	5024	2011	1	31.43333371
JS	5009	2011	1	34.73333486
JS	4705	2011	2	38.60000102
JS	4895	2011	1	36.60000102
JS	4071	2011	3	35.56666692
JS	4907	2011	1	32
JS	4903	2011	1	33.46666654
JS	4722	2011	2	35.43333308
JS	5007	2011	1	32.46666718
JS	5004	2011	1	21.09999975
JS	4939	2011	1	34.86666743
JS	4969	2011	1	31.96666718
JS	5048	2011	2	30.50000064
JS	4943	2011	1	25.56666692
JS	5031	2011	1	27.58333333
JS	4939	2011	1	26.36666679
MI	4765	2011	1	41.33333333
JS	5069	2011	1	25.63333321
JS	4717	2011	2	29.55000019
JS	5024	2011	1	30.23333359
MI	4664	2011	2	39.13333257
JS	5070	2011	1	25.29999987
JS	4620	2011	2	31.79999987
JS	4885	2011	1	35.86666616
JS	4768	2011	1	31.40000025
MI	4939	2011	1	34.53333282
JS	4998	2011	1	30.20000013
JS	5059	2011	1	22.76666641
JS	4929	2011	1	30.5
IW	4966	2011	1	25.23333359
IW	5014	2011	1	NA
IW	4929	2011	1	21.53333346
IW	5009	2011	1	23.96666654
IW	5059	2011	1	27
IW	4991	2011	1	26.5
IW	4699	2011	2	27.40000025
IW	4896	2011	1	28.06666692
IW	5059	2011	1	27.83333333
IW	4901	2011	1	31.53333346
MI	4616	2010	1	NA
MI	4699	2010	1	32.13333321
MI	4703	2010	1	31.76666705
MI	4682	2010	1	34.56666565
MI	4573	2010	1	30.59999975
MI	4686	2010	1	31
MI	3717	2010	3	30.99999936
MI	4512	2010	2	33.53333282
MI	4109	2010	2	32.9666659
IC	4737	2010	1	31.66666667
IC	4722	2010	1	34.66666667
IC	4071	2010	2	34.16666667
MI	4649	2010	1	35
IW	4906	2011	1	29.73333295
IW	5655	2011	1	29
IW	5031	2011	1	23.26666641
IW	4735	2011	2	26.5
IW	4914	2011	1	27.16666667
JS	5319	2012	1	31.43333308
IW	5292	2012	1	25.83333397
SL	5564	2012	1	33.70000076
JS	5588	2012	1	29.43333308
JS	5489	2012	1	30.16666667
SL	4991	2012	2	33
JS	4960	2012	2	33.63333384
IW	5328	2012	1	22.39999962
IW	5595	2012	2	26.79999924
IW	5009	2012	2	26.76666641
JS	4649	2012	3	40.36666743
JS	5004	2012	2	36.53333282
IW	5670	2012	1	25.20000013
JS	5468	2012	1	33.26666768
JS	5092	2012	1	35.76666641
IW	5674	2012	1	25.46666654
SL	5340	2012	1	41.60000038
JS	4705	2012	3	29.33333333
SL	5322	2012	1	37.5333341
IW	5198	2012	1	22.53333282
JS	5393	2012	1	38.39999898
IW	5424	2012	1	37.20000076
MI	5119	2012	1	36.36666743
MI	5543	2012	1	31.20000076
MI	5501	2012	1	37.96666718
MI	5468	2012	1	35.86666616
MI	5310	2012	1	33.86666743
IW	5253	2012	1	NA
IW	5195	2012	1	31.16666667
JS	5243	2012	1	36.63333384
JS	5672	2012	1	35.5
SL	5096	2012	1	29.63333321
JS	5160	2012	1	29.89999962
JS	4868	2012	2	NA
JS	5311	2012	1	37.13333384
IW	5318	2012	1	27.66666667
JS	5616	2012	1	34.26666514
IW	5571	2012	1	27.90000025
JS	4765	2012	2	28.66666667
JS	4745	2012	3	49.09999975
MI	5048	2012	3	36.20000076
MI	5527	2012	1	36.89999898
JS	5448	2012	1	30.06666692
MI	4896	2012	2	39.86666743
IW	5676	2012	2	37.36666616
MI	5517	2012	1	38.90000025
JS	5202	2012	1	37.40000025
JS	4991	2012	2	34.33333333
IW	5466	2012	1	33.09999911
JS	5109	2012	1	31.66666667
IW	5123	2012	1	27.69999949
IW	5679	2012	1	28.96666654
MI	4929	2012	2	33.79999924
MI	5318	2012	1	40.43333308
SN	5351	2012	1	34.43333308
MI	5195	2012	1	36.36666743
JS	4763	2012	1	34.40000025
MI	5669	2012	2	34.69999949
SN	5292	2012	1	32.13333321
JS	5564	2012	1	32.76666641
JS	5228	2012	1	32.13333384
MI	5222	2012	1	41.36666743
JS	4885	2012	2	34.63333384
JS	5059	2012	2	33.60000102
JS	5437	2012	1	43.06666819
JS	5517	2012	1	36.39999898
IW	4745	2012	3	40
IW	5616	2012	1	26.23333359
IW	5669	2012	2	29
JS	5139	2012	1	35.76666641
JS	5468	2012	1	32.93333435
JS	5543	2012	1	33.86666616
JS	4960	2012	2	36.46666718
JS	5195	2012	1	36.23333359
JS	5393	2012	1	35.66666667
JS	5674	2012	1	37.93333308
IW	5109	2012	1	26.36666679
IW	4768	2012	2	28.39999962
IW	5501	2012	1	34.00000127
JS	5393	2012	1	32.33333333
JS	5123	2012	1	32.83333333
JS	5466	2012	1	34.80000051
JS	5461	2012	1	29.06666692
JS	5468	2012	1	32.59999975
JS	4960	2012	2	35.73333359
IW	5501	2012	1	28.39999962
JS	5466	2012	1	36.13333384
IA	5763	1993	0	35.70000076
SG	4411	1995	1	36.29999924
SG	4499	1995	1	27.70000076
SG	5784	1995	2	28.20000076
SG	5785	1995	2	27.89999962
SG	5787	1995	2	20.70000076
SG	5788	1995	1	27.5
SG	5789	1995	1	28.5
SG	5795	1995	1	32.70000076
SG	5796	1995	1	27.39999962
SG	5797	1995	1	31.60000038
SG	5798	1995	1	38.25
SG	5800	1995	1	26.60000038
SG	5805	1995	1	39.70000076
SG	5809	1995	1	33.5
SG	5869	1995	1	44.5
JS	5871	2012	2	36.73333486
JS	5031	2012	2	36.23333359
SG	5875	1995	1	41.29999924
SG	5961	1995	1	34.40000153
SG	5968	1995	0	30.70000076
SG	5969	1995	0	29.79999924
SG	5975	1995	0	37.20000076
SG	5748	1995	2	27.70000076
SG	5746	1995	3	32.20000076
SG	5735	1995	3	31.10000038
SG	5745	1995	3	35.79999924
SG	5749	1995	3	36.70000076
SG	5754	1995	2	35.20000076
SG	5769	1995	2	33.79999924
SG	5731	1995	3	30.29999924
SG	5773	1995	1	37.59999847
SG	5750	1995	3	27.20000076
SG	5978	1995	1	35.20000076
SG	5761	1995	3	27.5
SG	5747	1995	3	40.09999847
SG	5783	1995	2	31.79999924
SG	5727	1995	3	31.79999924
SG	4410	1995	1	36.20000076
SG	5949	1995	0	35.40000153
SG	5981	1995	0	32.20000076
SG	5928	1995	0	33.29999924
SG	5889	1995	0	27.60000038
SG	5873	1995	0	34
SG	5954	1995	0	32
SG	5934	1995	0	36.20000076
SG	5956	1995	0	32.29999924
SG	5920	1995	0	34.59999847
SG	5929	1995	0	39.70000076
SG	5931	1995	0	34.70000076
SG	5750	1995	3	35.5
SG	5844	1995	0	31.39999962
SG	5892	1995	0	28.20000076
SG	5789	1995	1	33.40000153
SG	5961	1995	1	35.5
SG	4411	1995	1	30.5
SG	5818	1995	0	31.5
SG	5823	1995	0	31.70000076
SG	5968	1995	0	27.5
SG	5743	1995	3	36.40000153
SG	5841	1995	0	32.40000153
SG	5774	1995	1	32.29999924
SG	5928	1995	0	33.59999847
SG	5769	1995	2	38.90000153
SG	5854	1995	0	35.70000076
SG	5970	1995	0	34.79999924
SG	5754	1995	2	34.79999924
SG	5784	1995	2	35
SG	5740	1995	3	34
SG	4402	1995	1	36.79999924
SG	5764	1995	2	33.59999847
SG	5862	1995	0	33.79999924
SG	5892	1995	0	28.39999962
SG	5856	1995	0	39
SG	5949	1995	0	31.10000038
SG	5929	1995	0	37.29999924
SG	5832	1995	0	32.20000076
SG	5969	1995	0	35.59999847
SG	5951	1995	0	31.20000076
SG	4403	1995	0	27.20000076
SG	5746	1995	3	36.09999847
SG	5924	1995	0	34.79999924
SG	5931	1995	0	35.90000153
SG	5929	1995	0	38.90000153
SG	5934	1995	0	37
SG	5968	1995	0	32.5
SG	5951	1995	0	34.20000076
SG	5821	1995	0	31.60000038
SG	5798	1995	1	35.59999847
SG	5928	1996	1	34
SG	5929	1996	1	35.70000076
SG	5875	1996	2	35
SG	5915	1996	1	28.10000038
SG	5797	1996	2	37.70000076
SG	4403	1996	1	24.39999962
SG	5773	1996	2	30.79999924
SG	5797	1996	2	34.40000153
SG	5929	1996	1	31.70000076
SG	5768	1996	3	31.70000076
SG	5765	1996	3	34.70000076
SG	5768	1996	3	30.79999924
SG	5822	1996	1	30.39999962
SG	5795	1996	2	33
SG	4409	1996	2	37.40000153
SG	5914	1996	1	27.39999962
SG	5832	1996	1	30.89999962
SG	5764	1996	3	23.79999924
SG	5915	1996	1	31
SG	5783	1996	3	34.5
SG	5809	1996	2	33.5
SG	4399	1996	2	33.59999847
SG	6229	1999	1	28.30000051
SG	6230	1999	1	35
IW	5489	2012	1	32.63333384
HE	6501	2013	1	30.76666641
IW	6642	2013	1	28.09999975
IW	6379	2013	1	32.66666667
IW	6386	2013	1	29.86666679
HE	6254	2013	1	31.40000025
IW	6562	2013	1	32.06666565
IW	6533	2013	1	30.29999987
IW	6607	2013	1	31.20000013
IW	6645	2013	1	33.39999962
IW	6436	2013	1	32.73333359
HE	6642	2013	1	27.60000038
HE	6581	2013	1	31.63333384
IW	6521	2013	1	29.73333295
HE	5035	2013	3	31.63333321
IW	6434	2013	1	28.36666616
IW	6492	2013	1	26.26666705
HE	6502	2013	1	30.40000025
HE	6270	2013	1	25.13333321
IW	6646	2013	1	31.40000025
HE	6532	2013	1	31.06666692
HE	6527	2013	1	30.06666629
IW	6377	2013	1	31.39999962
IW	6532	2013	1	30.29999987
IW	4929	2013	3	32.56666692
IW	5311	2013	2	31.79999987
IW	6434	2013	1	28.66666667
IW	6562	2013	1	31.8333327
JS	6447	2013	1	31.10000038
IW	6501	2013	1	27.96666718
JS	6648	2013	1	37.23333359
IW	6461	2013	1	29.5
IW	6457	2013	1	33.39999898
IW	4943	2013	3	33.10000038
IW	6501	2013	1	29.39999962
IW	6563	2013	1	33.63333384
JS	5461	2013	2	32.80000051
JS	6280	2013	1	32.23333359
IW	6289	2013	1	30.43333371
IW	6450	2013	1	31.56666692
IW	6391	2013	1	34.23333359
IW	4929	2013	3	31.23333359
JS	6525	2013	1	35.36666743
JS	6344	2013	1	31.03333346
JS	6260	2013	1	35.66666667
JS	6489	2013	1	33.40000025
IW	5393	2013	2	35.86666616
IW	6650	2013	1	28.29999987
IW	6344	2013	1	31.56666692
IW	6455	2013	1	30.83333333
MI	6289	2013	1	31.36666743
MI	5096	2013	2	33.56666692
BP	5517	2013	2	36.06666692
BP	6650	2013	1	35.99999873
BP	5393	2013	2	33.1666673
BP	5202	2013	2	34
IW	6489	2013	1	33.06666692
IW	4929	2013	3	33.56666692
BP	6646	2013	1	38.40000025
BP	6450	2013	1	34.16666667
MI	5466	2013	2	35.46666718
BP	5359	2013	2	29.33333333
MI	6563	2013	1	32.76666768
IW	5461	2013	2	30.26666641
IW	5107	2013	2	32.06666692
BP	6285	2013	1	30.69999949
BP	6645	2013	1	34.16666667
BP	5672	2013	2	33.96666718
IW	5031	2013	3	32.53333282
BP	6457	2013	1	31.13333321
MI	6521	2013	1	32.63333257
BP	6503	2013	1	32.49999873
MI	4991	2013	3	35.13333384
BP	6509	2013	1	32.5
BP	6433	2013	1	33.79999924
IN	4960	2013	3	29.86666679
BP	5616	2013	2	35.33333333
BP	6376	2013	1	30.06666629
IN	6270	2013	1	31.30000051
BP	4768	2013	3	33.26666641
BP	6493	2013	1	32.40000025
IN	5314	2013	2	31.83333333
IW	5623	2013	3	31.39999962
IN	5449	2013	2	34.09999975
IW	6533	2013	1	34.53333282
BP	5408	2013	2	31.73333359
IN	6562	2013	1	32.19999949
IW	5489	2013	2	36.80000051
IW	5253	2013	2	37.06666819
IW	5139	2013	2	34.29999924
IW	6416	2013	1	34.59999975
BP	6461	2013	1	32.56666629
BP	5311	2013	2	31.43333371
BP	4895	2013	3	33.69999949
IN	6525	2013	1	32.26666641
BP	6447	2013	1	31.63333321
AFC	7024	2013	1	NA
IW	7145	2014	1	37.59999975
IW	6752	2014	1	36.36666743
AST	6765	2014	1	30.16666603
AST	7046	2014	1	33.29999924
AST	7116	2014	1	45.09999975
IW	6790	2014	1	39.26666641
AST	6927	2014	1	37.06666565
IW	6817	2014	1	36.93333308
AST	6979	2014	1	39.43333308
AST	7266	2014	1	38.39999898
IW	6986	2014	1	39.26666641
IW	6704	2014	1	37.06666565
IW	6924	2014	1	46.96666718
IW	6436	2014	2	48.06666692
IW	6807	2014	1	35.56666692
IW	6860	2014	1	34.66666667
IW	6984	2014	1	33.20000013
IW	6969	2014	1	36.43333308
IW	6457	2014	2	48.33333333
IW	6676	2014	1	39.89999898
AST	6894	2014	1	42.03333282
AST	6830	2014	1	37.76666641
IW	6503	2014	2	38.59999975
AST	6450	2014	2	41.59999975
IW	6502	2014	2	39.66666667
AST	6688	2014	1	38.63333384
IW	6404	2014	2	37.66666794
AST	7267	2014	1	40.29999924
IW	6949	2014	1	40
AST	6371	2014	2	38.66666667
AST	6923	2014	1	43.63333384
AST	7268	2014	1	41.10000102
AST	7071	2014	1	35.26666768
IW	6893	2014	1	34.43333308
AST	7182	2014	1	39.50000127
AST	6461	2014	2	38.86666616
AST	6847	2014	1	44.40000025
AST	6865	2014	1	38.09999975
AST	6808	2014	1	38.13333384
AST	6944	2014	1	41.90000025
AST	7270	2014	1	40.59999975
MS	6648	2014	2	42.80000051
IW	6260	2014	2	41.66666667
MS	7200	2014	1	40.73333359
IW	6902	2014	1	37.09999975
MS	6824	2014	1	37.80000051
IW	6841	2014	1	39.33333333
MS	5466	2014	3	40.19999949
MS	6455	2014	2	38.19999949
MS	6793	2014	1	36.13333384
MS	7154	2014	1	27.56666692
MS	6492	2014	2	28.09999975
AST	6842	2014	1	33.23333359
MS	7160	2014	1	26.46666654
MS	7271	2014	1	40.79999924
AST	6854	2014	1	37.9666659
MS	5675	2014	3	40.16666667
AST	5517	2014	3	37.86666743
AST	5202	2014	3	38.30000051
IW	6993	2014	1	39.5333341
MS	7017	2014	1	36.23333359
AST	6978	2014	1	36.80000051
MS	6433	2014	2	42.76666641
AST	7264	2014	1	37.89999898
MS	7272	2014	1	35.16666667
MS	7144	2014	1	35.76666768
AST	6854	2014	1	37.4666659
MS	6607	2014	2	40.16666667
MS	6814	2014	1	40.49999873
AST	7273	2014	1	33.26666768
AST	5359	2014	3	34.00000127
AST	6996	2014	1	34.69999949
MS	6895	2014	1	40.43333308
IW	6800	2014	1	35.93333308
MI	6910	2014	1	42.63333384
AST	6800	2014	1	38.30000051
AST	7074	2014	1	34.73333359
MI	7113	2014	1	39.9666659
MI	5675	2014	3	34.03333282
MI	7200	2014	1	30.10000038
MI	7268	2014	1	31
MI	6688	2014	1	34.33333333
AST	6461	2014	2	45.19999949
MI	7267	2014	1	37.69999949
AST	5466	2014	3	42.56666692
MI	7274	2014	1	30.43333371
AST	7060	2014	1	38.90000025
AST	7145	2014	1	37.23333359
AST	5616	2014	3	39.99999873
AST	6808	2014	1	37.46666718
AST	5202	2014	3	40.56666565
AST	6376	2014	2	38.76666641
MI	6270	2014	2	39.43333308
MI	6690	2014	1	34.53333282
AST	7275	2014	1	37.76666514
AST	6533	2014	2	45.23333359
MI	6862	2014	1	38.33333333
AST	5107	2014	3	38.86666616
MI	5672	2014	3	37.86666616
MI	6386	2014	2	37.40000025
AST	7273	2014	1	40.73333359
MI	6971	2014	1	33.29999924
AST	5253	2014	3	40.26666641
AST	6793	2014	1	36.66666667
AST	6984	2014	1	39.86666616
AST	6289	2014	2	42.80000051
MI	6687	2014	1	36.79999924
AST	6807	2014	1	38.60000102
MI	7000	2014	1	39.56666692
AST	5222	2014	3	38.70000076
AST	7160	2014	1	38.19999949
AST	7267	2014	1	42.06666692
AST	7060	2014	1	39.9666659
AST	7273	2014	1	41.13333384
AST	6921	2014	1	38.19999949
AST	7268	2014	1	41.80000051
AST	7275	2014	1	37.86666616
AST	7019	2014	1	39.63333384
AST	6532	2014	2	39.66666667
AST	6280	2014	2	43.03333282
JS	6688	2014	1	38.10000102
AST	6927	2014	1	46.86666616
AST	6285	2014	2	36.16666667
AST	6501	2014	2	38.4666659
AST	6581	2014	2	43.29999924
AST	6260	2014	2	45.63333384
AST	5253	2014	3	36.5
JS	6435	2014	2	33.9666659
AST	5466	2014	3	43.59999975
AST	5461	2014	3	36.40000025
AST	6391	2014	2	40.19999949
AST	5202	2014	3	43.26666641
AST	6386	2014	2	40.73333359
JS	7874	2014	1	34.80000051
AST	7071	2014	1	39.03333282
AST	6996	2014	1	37.53333282
AST	6894	2014	1	43.30000051
AST	6527	2014	2	38
AST	6808	2014	1	37.36666616
AST	5517	2014	3	40.59999975
AST	7154	2014	1	39.13333384
AST	7000	2014	1	47.5
AST	6841	2014	1	40.86666616
AST	6509	2014	2	40.13333384
AST	5449	2014	3	42
AST	6790	2014	1	39.1666654
AST	7274	2014	1	38.23333232
AST	6833	2014	1	34.69999949
AST	5449	2014	3	37.9666659
AST	6969	2014	1	41.73333232
AST	6923	2014	1	41.79999924
AST	6435	2014	2	39.73333359
AST	6924	2014	1	41.10000102
AST	5139	2014	3	39.33333333
AST	6786	2014	1	38.43333308
AST	6860	2014	1	37.3333346
AST	6532	2014	2	42.36666616
AST	6830	2014	1	38.0333341
AST	5424	2014	3	38.23333359
AST	5195	2014	3	42.9666659
AST	6978	2014	1	NA
AST	7270	2014	1	34.33333333
AST	6436	2014	2	NA
AST	6854	2014	1	NA
AST	6887	2014	2	35.93333308
AST	6984	2014	1	NA
AST	7079	2014	1	NA
AST	6806	2014	1	43.56666692
AST	6688	2014	1	37.80000051
AST	6517	2014	2	42.0333341
AST	7266	2014	1	38.63333384
AST	7873	2015	1	39.76666641
AST	6687	2015	2	36.09999847
AST	7074	2015	2	36.80000051
AST	6752	2015	2	39.73333359
AST	7935	2015	1	34.13333257
AST	7394	2015	1	37.80000051
AST	7440	2015	1	34.40000025
AST	6969	2015	2	36.96666718
AST	7618	2015	1	32.23333295
AST	7793	2015	1	38.06666692
AST	7900	2015	1	36.40000025
AST	7200	2015	2	39.8333346
AST	7145	2015	2	37.53333282
AST	8099	2015	1	35.06666692
AST	6581	2015	3	36.80000051
AST	7814	2015	1	34.86666743
AST	7266	2015	2	36.26666641
AST	8015	2015	1	40.76666641
AST	8049	2015	1	34.33333333
AST	6344	2015	3	36.76666768
AST	6790	2015	2	38.06666692
AST	7587	2015	1	39.09999975
AST	6923	2015	2	35.06666565
AST	7549	2015	1	36.23333486
AST	6902	2015	2	34.16666667
AST	7984	2015	1	39.96666718
AST	6270	2015	3	37.26666641
AST	6386	2015	3	34.73333359
AST	6376	2015	3	35.06666692
AST	7275	2015	2	40.10000102
AST	6517	2015	3	39.06666565
AST	7441	2015	1	39.53333282
AST	7881	2015	1	39.59999975
AST	8141	2015	1	38.16666667
AST	6563	2015	3	36.4666659
AST	7406	2015	1	36.5
AST	7331	2015	1	36.83333333
AST	6800	2015	2	33.86666616
AST	7074	2015	2	37.40000153
AST	7900	2015	1	36.83333333
AST	7587	2015	1	38.59999975
AST	7017	2015	2	49.03333282
AST	6923	2015	2	41.73333359
AST	7266	2015	2	41.40000025
AST	6786	2015	2	37.23333359
AST	8188	2015	1	39.59999975
AST	6921	2015	2	36.93333308
AST	7615	2015	1	36.66666794
AST	6806	2015	2	38.13333384
AST	6832	2015	2	39.5333341
AST	7877	2015	1	36.69999949
AST	7331	2015	1	33.56666565
AST	6978	2015	2	35.56666692
AST	6270	2015	3	37.03333282
AST	6915	2015	2	37.70000076
AST	7275	2015	2	36.26666768
AST	6862	2015	2	40.19999949
AST	7984	2015	1	39.76666641
AST	8120	2015	1	41.4666659
AST	6887	2015	3	39.63333384
AST	7264	2015	2	42.93333308
AST	6688	2015	2	35.46666718
AST	7383	2015	1	38.29999924
AST	6902	2015	2	35.90000025
AST	7267	2015	2	40.83333206
AST	6808	2015	2	36.20000076
AST	7814	2015	1	37.63333384
AST	7426	2015	1	38.13333384
AST	6924	2015	2	39.83333333
AST	6800	2015	2	42.29999924
AST	6768	2015	2	39.93333435
AST	6924	2015	2	38.33333333
AST	6921	2015	2	39.66666667
AST	6786	2015	2	40.76666641
AST	7900	2015	1	39.86666743
AST	7160	2015	2	42.29999924
AST	7814	2015	1	41.53333282
AST	7267	2015	2	42.96666718
AST	8188	2015	1	38.86666616
AST	6832	2015	2	42.23333232
AST	6808	2015	2	40.43333308
AST	6648	2015	3	41.09999975
AST	6887	2015	3	37.80000051
AST	7689	2015	1	40.06666565
AST	6492	2015	3	39.1666654
AST	7710	2015	1	39.93333308
AST	6927	2015	2	40.43333435
AST	7703	2015	1	38.40000025
AST	7900	2015	1	39.66666794
AST	6862	2015	2	40.26666641
AST	7074	2015	2	37.96666718
AST	8642	2015	1	42.3333346
AST	7877	2015	1	43.43333435
AST	6786	2015	2	41.20000076
AST	6902	2015	2	40.23333359
AST	6924	2015	2	43.46666718
AST	7275	2015	2	42.76666768
AST	7703	2015	1	44.30000051
AST	7017	2015	2	42.46666718
AST	6789	2015	2	43.30000051
AST	6921	2015	2	41.23333232
AST	8642	2016	2	46.43333308
AST	8747	2016	1	40.23333359
AST	8707	2016	1	38.56666692
AST	8602	2016	1	41.13333384
AST	8480	2016	1	37.53333282
AST	8652	2016	1	41.93333308
AST	8648	2016	1	42.16666667
AST	7984	2016	2	43.93333435
AST	8728	2016	1	38.80000051
AST	8718	2016	1	39.63333257
AST	8365	2016	1	41.59999975
AST	8715	2016	1	43.90000025
AST	8748	2016	1	39.86666743
AST	7814	2016	2	40.09999975
AST	8363	2016	1	39.76666641
AST	8649	2016	1	37.76666641
AST	7267	2016	3	47.90000025
AST	8603	2016	1	43.43333435
AST	6789	2016	3	43.53333282
AST	8512	2016	1	43.56666692
AST	8586	2016	1	38.09999975
AST	8414	2016	1	38.83333333
AST	7689	2016	2	46.63333257
AST	8708	2016	1	41
AST	7984	2016	2	41.89999898
AST	8729	2016	1	43
AST	8567	2016	1	41.86666743
AST	8502	2016	1	39.43333435
AS	8414	2016	1	40.23333359
AS	8715	2016	1	40.29999924
AST	8752	2016	1	41.53333282
AST	7900	2016	2	39.93333308
AS	8652	2016	1	35.93333435
AS	8748	2016	1	39.13333257
AST	7877	2016	2	41.20000076
AST	8515	2016	1	43.26666768
AST	7793	2016	2	41.66666667
AS	8747	2016	1	37.70000076
AST	8499	2016	1	41.16666667
AS	8567	2016	1	35.63333384
AST	8486	2016	1	37.33333333
AST	8716	2016	1	39.89999898
AS	8642	2016	2	36.0333341
AS	7267	2016	3	37.03333282
AST	6924	2016	3	44.5
AST	6786	2016	3	43.99999873
AST	7615	2016	2	42.89999898
AST	8480	2016	1	39.26666768
AST	8498	2016	1	40.56666692
AST	6915	2016	3	41.93333308
AST	7984	2016	2	40.60000102
AST	8716	2016	1	39.36666743
AST	8752	2016	1	41.96666718
AST	8715	2016	1	42.33333333
AST	8648	2016	1	41.0333341
AST	8747	2016	1	43.13333384
AST	8486	2016	1	40.09999975
AST	8363	2016	1	39.73333359
AST	6921	2016	3	39.59999975
AST	8567	2016	1	40.83333333
AS	6927	2016	3	57.86666743
AS	9038	2016	1	42.13333257
AS	7267	2016	3	42.46666718
AS	8391	2016	1	48.23333232
AS	8502	2016	1	46.99999873
AS	8365	2016	1	44.80000051
AS	7877	2016	2	52.30000051
AS	8486	2016	1	42.76666768
AST	8770	2017	1	46.03333282
AST	9213	2017	1	42.40000025
AST	8949	2017	1	43.83333333
AST	8926	2017	1	42.80000051
AST	9133	2017	1	41.20000076
AST	7689	2017	3	46.16666667
AST	8515	2017	2	46.4666659
AST	9076	2017	1	40.73333359
AST	9222	2017	1	40.59999975
AST	8498	2017	2	44.76666641
AST	9223	2017	1	41.66666667
AST	9032	2017	1	37.59999975
AST	9264	2017	1	41.56666692
AST	9265	2017	1	41
AST	9245	2017	1	43.83333333
AS	9222	2017	1	52.83333333
AST	9071	2017	1	41.23333359
AST	9088	2017	1	41.59999975
AST	9266	2017	1	37.83333333
AST	9240	2017	1	43.43333308
AST	8752	2017	2	42.63333384
AS	9071	2017	1	54.66666667
AST	8942	2017	1	40.9666659
AST	9164	2017	1	42.33333333
AST	9267	2017	1	43.29999924
AST	7615	2017	3	44.4666659
AST	7877	2017	3	41.29999924
AST	9269	2017	1	43.26666768
AST	9270	2017	1	40.66666667
AST	9120	2017	1	40.56666692
AST	8906	2017	1	42.43333308
AS	9240	2017	1	46.76666641
AST	9073	2017	1	43.66666667
AST	8603	2017	2	40.29999924
AST	8512	2017	2	41.59999975
AS	9032	2017	1	38.23333359
AST	7532	2017	3	42.06666692
AST	9134	2017	1	38.9666659
AST	9008	2017	1	40.86666743
AST	8977	2017	1	43.96666718
AST	8391	2017	2	42.40000025
AST	8795	2017	1	39.19999949
AS	9073	2017	1	43
AST	8652	2017	2	45.13333384
AST	9002	2017	1	41.43333308
AST	9116	2017	1	47.13333257
AST	9185	2017	1	42.16666667
AS	9270	2017	1	43.40000025
AST	8929	2017	1	39.46666718
AST	8365	2017	2	44.90000153
AST	8965	2017	1	45.56666692
AST	9038	2017	2	43.40000025
AS	8752	2017	2	40.76666641
AST	9045	2017	1	38.86666616
AST	8499	2017	2	41.69999949
AST	9075	2017	1	43.30000051
AST	9087	2017	1	39.46666718
AST	9227	2017	1	40
AST	8707	2017	2	40.73333232
AST	9272	2017	1	42.69999949
AST	9273	2017	1	43.66666667
AS	9223	2017	1	38.46666718
AS	8365	2017	2	38.36666616
AST	9093	2017	1	38.76666641
AST	8642	2017	3	45.5
AST	9127	2017	1	42.86666616
AST	8865	2017	1	44.79999924
AST	9217	2017	1	42.96666718
AST	9192	2017	1	43.59999975
AST	9071	2017	1	47
AS	8498	2017	2	55.86666616
AS	8878	2017	1	34.06666565
AS	9273	2017	1	48.76666641
AS	8930	2017	1	47.76666641
AS	9087	2017	1	42.59999975
AS	9002	2017	1	40.90000025
AS	8819	2017	1	44.76666768
AS	9089	2017	1	47.99999873
AS	9145	2017	1	NA
AS	7689	2017	3	50.23333359
AS	9197	2017	1	44.89999898
AS	8947	2017	1	44.19999949
AS	9133	2017	1	38.93333308
AS	7532	2017	3	51.40000025
AS	9134	2017	1	42.19999949
AS	8949	2017	1	45.03333282
AS	9000	2017	1	51.40000025
AS	9038	2017	2	43.43333308
AS	9076	2017	1	38.5
AS	8499	2017	2	51.53333282
AS	9222	2017	1	49.53333282
AST	9000	2018	2	41.30000051
AST	8947	2018	2	41.59999975
LW	9176	2018	2	NA
AST	8480	2018	3	39.59999975
LW	9087	2018	2	NA
LW	9233	2018	2	NA
AST	9045	2018	2	38.53333282
AST	9223	2018	2	44.6666654
AST	9151	2018	2	43.53333282
LW	9002	2018	2	NA
AST	9071	2018	2	46.59999975
AST	9073	2018	2	42.16666667
LW	8947	2018	2	37.83333333
LW	9016	2018	2	45.90000025
AST	9182	2018	2	39.30000051
LW	8499	2018	3	41.5
LW	9071	2018	2	45.06666692
AST	9272	2018	2	43.19999949
AST	8486	2018	3	38.16666667
AST	9251	2018	2	40.43333308
AST	9134	2018	2	43.56666819
AST	8865	2018	2	44.63333384
LW	8850	2018	2	36.23333359
AST	9228	2018	2	40.5333341
LW	9273	2018	2	47.56666692
AST	8498	2018	3	46.4666659
AST	9093	2018	2	41.96666718
AST	8391	2018	3	42.4666659
LW	9076	2018	2	46.53333282
AST	9133	2018	2	44.39999898