Date_dissected	Family	ID	Sample	Sex	Condition	Larval_diet	Femur_length	Tibia_Length	Tarsus_Length	Wing_Length	HeadWidth	HeadLength	Post-pedicel_Length	Arista_Length	Thorax_Length	Female_Oviscape	Female_posterior_spermathecae1	Female_posterior_spermathecae2	Female_Anterior_Spermatheca_Width	Male_Proximal_surstyli_Length	Male_Distal_surstyli_Length	Male_Apodeme_Length	Male_Aedeagus_Length	Male_Anterior_processus_Length	Male_Processus_Length	Male_testis_area	MaleSperm_bundle_Length	Male_Femur_spine_length
18/10/2018	F1	FS-23	F1_F1_RW1	F	High	Rich	5.316	4.434	3.061	NA	1.57	1.953	0.566	1.196	2.684	1.98	0.071	0.078	0.053	NA	NA	NA	NA	NA	NA	NA	NA	NA
18/10/2018	F1	FS-23	F1_F1_RW2	F	High	Rich	5.327	4.431	3.049	NA	1.575	1.948	0.566	1.189	2.696	1.982	0.073	0.078	0.053	NA	NA	NA	NA	NA	NA	NA	NA	NA
18/10/2018	F1	FS-24	F1_F2_RW1	F	High	Rich	5.28	4.333	2.681	4.072	1.464	2.071	0.597	1.194	2.647	2.061	0.072	0.068	0.072	NA	NA	NA	NA	NA	NA	NA	NA	NA
18/10/2018	F1	FS-24	F1_F2_RW2	F	High	Rich	5.287	4.297	2.642	4.068	1.472	2.073	0.588	1.197	2.635	2.061	0.072	0.068	0.07	NA	NA	NA	NA	NA	NA	NA	NA	NA
18/10/2018	F1	FS-25	F1_F3_RW1	F	High	Rich	5.354	4.395	2.96	4.09	1.547	1.999	0.604	1.175	2.772	2.233	0.068	0.08	0.075	NA	NA	NA	NA	NA	NA	NA	NA	NA
18/10/2018	F1	FS-25	F1_F3_RW2	F	High	Rich	5.347	4.349	2.942	4.103	1.553	2.008	0.618	1.186	2.772	2.258	0.07	0.079	0.073	NA	NA	NA	NA	NA	NA	NA	NA	NA
23/10/2018	F1	FS-33	F1_F4_RW1	F	Low	Poor	3.494	3.492	2.947	3.512	1.336	1.576	0.515	1.012	2.194	1.948	0.031	0.02	0.03	NA	NA	NA	NA	NA	NA	NA	NA	NA
23/10/2018	F1	FS-33	F1_F4_RW2	F	Low	Poor	3.475	3.489	2.925	3.524	1.339	1.571	0.509	1.02	2.179	1.96	0.028	0.019	0.029	NA	NA	NA	NA	NA	NA	NA	NA	NA
24/10/2018	F1	FS-34	F1_F5_RW1	F	Low	Poor	4.231	3.432	2.497	3.408	1.276	1.561	0.497	1.07	2.165	2.088	0.08	0.092	0.065	NA	NA	NA	NA	NA	NA	NA	NA	NA
24/10/2018	F1	FS-34	F1_F5_RW2	F	Low	Poor	4.231	3.448	2.501	3.428	1.269	1.564	0.475	1.07	2.164	2.103	0.079	0.092	0.067	NA	NA	NA	NA	NA	NA	NA	NA	NA
24/10/2018	F1	FS-35	F1_F6_RW1	F	Low	Poor	4.089	3.403	2.328	3.225	1.344	1.561	0.461	1.033	2.212	1.995	0.069	0.074	0.072	NA	NA	NA	NA	NA	NA	NA	NA	NA
24/10/2018	F1	FS-35	F1_F6_RW2	F	Low	Poor	4.078	3.458	2.34	3.234	1.351	1.572	0.456	1.025	2.225	2.006	0.069	0.075	0.074	NA	NA	NA	NA	NA	NA	NA	NA	NA
11/11/2018	F1	FS-78	F1_F7_RW1	F	Low	Poor	4.176	3.447	2.394	3.274	1.172	1.629	0.462	1.013	2.137	1.931	0.074	0.081	0.058	NA	NA	NA	NA	NA	NA	NA	NA	NA
11/11/2018	F1	FS-78	F1_F7_RW2	F	Low	Poor	4.174	3.477	2.396	3.268	1.162	1.632	0.465	1.036	2.13	1.971	0.076	0.081	0.058	NA	NA	NA	NA	NA	NA	NA	NA	NA
18/10/2018	F1	MS-37	F1_M1_RW1	M	High	Rich	6.49	6.21	4.697	NA	1.523	2.931	0.778	1.261	3.083	NA	NA	NA	NA	0.219	0.305	1.13	1.137	0.183	1.758	0.534	0.146666667	0.078
18/10/2018	F1	MS-37	F1_M1_RW2	M	High	Rich	6.566	6.207	4.67	NA	1.52	2.948	0.771	1.254	3.095	NA	NA	NA	NA	0.214	0.305	1.134	1.145	0.184	1.738	0.501	0.144666667	0.074166667
18/10/2018	F1	MS-38	F1_M2_RW1	M	High	Rich	6.832	6.47	4.652	NA	1.655	3.122	0.835	1.236	3.246	NA	NA	NA	NA	0.191	0.31	1.182	1.169	0.185	2.051	0.636	0.155333333	0.061333333
18/10/2018	F1	MS-38	F1_M2_RW2	M	High	Rich	6.833	6.486	4.641	NA	1.649	3.089	0.839	1.25	3.23	NA	NA	NA	NA	0.186	0.302	1.195	1.19	0.186	1.979	0.632	0.158333333	0.0655
26/10/2018	F1	MS-58	F1_M3_RW1	M	High	Rich	6.976	6.625	4.664	4.536	1.621	3.036	0.876	1.28	3.248	NA	NA	NA	NA	0.178	0.32	1.169	1.198	0.192	2.045	0.267	0.1475	0.072
26/10/2018	F1	MS-58	F1_M3_RW2	M	High	Rich	6.955	6.625	4.653	4.522	1.636	3.026	0.874	1.272	3.25	NA	NA	NA	NA	0.178	0.32	1.177	1.198	0.188	2.036	0.3	0.149166667	0.072666667
02/11/2018	F1	MS-66	F1_M4_RW1	M	High	Rich	6.574	6.427	4.398	4.76	1.658	2.926	0.834	1.323	3.156	NA	NA	NA	NA	0.204	0.326	1.164	1.175	0.19	2.148	0.376	0.1665	0.061333333
02/11/2018	F1	MS-66	F1_M4_RW2	M	High	Rich	6.601	6.434	4.376	4.75	1.65	2.925	0.826	1.319	3.156	NA	NA	NA	NA	0.211	0.318	1.161	1.178	0.184	2.166	0.36	0.166666667	0.063166667
11/11/2018	F1	MS-86	F1_M5_RW1	M	Low	Poor	4.297	4.285	3.351	3.601	1.201	1.858	0.612	1.062	2.323	NA	NA	NA	NA	0.175	0.262	0.914	1.166	0.181	2.024	0.252	0.165333333	0.038833333
11/11/2018	F1	MS-86	F1_M5_RW2	M	Low	Poor	4.324	4.288	3.351	3.578	1.203	1.864	0.629	1.06	2.316	NA	NA	NA	NA	0.181	0.265	0.912	1.165	0.185	1.973	0.254	0.160166667	0.039
19/10/2018	F10	FS-26	F10_F1_RW1	F	Low	Poor	4.537	3.728	2.564	3.618	1.28	1.709	0.479	1.027	2.43	2.086	0.063	0.076	0.043	NA	NA	NA	NA	NA	NA	NA	NA	NA
19/10/2018	F10	FS-26	F10_F1_RW2	F	Low	Poor	4.538	3.745	2.547	3.618	1.264	1.707	0.49	1.034	2.429	2.081	0.063	0.077	0.042	NA	NA	NA	NA	NA	NA	NA	NA	NA
19/10/2018	F10	FS-27	F10_F2_RW1	F	Low	Poor	4.318	3.419	2.46	3.395	1.065	1.623	0.454	1.016	1.459	1.974	0.083	0.086	0.067	NA	NA	NA	NA	NA	NA	NA	NA	NA
19/10/2018	F10	FS-27	F10_F2_RW2	F	Low	Poor	4.293	3.446	2.441	3.388	1.055	1.632	0.447	1.025	1.437	1.98	0.083	0.084	0.068	NA	NA	NA	NA	NA	NA	NA	NA	NA
19/10/2018	F10	FS-28	F10_F3_RW1	F	Low	Poor	4.249	3.539	2.496	3.442	1.165	1.611	0.472	1.059	2.321	2.055	0.065	0.057	0.056	NA	NA	NA	NA	NA	NA	NA	NA	NA
19/10/2018	F10	FS-28	F10_F3_RW2	F	Low	Poor	4.257	3.548	2.561	3.454	1.166	1.641	0.469	1.039	2.315	2.066	0.065	0.056	0.059	NA	NA	NA	NA	NA	NA	NA	NA	NA
22/10/2018	F10	FS-29	F10_F4_RW1	F	High	Rich	4.525	3.824	2.866	3.834	1.355	1.792	0.571	1.06	2.614	1.891	0.074	0.079	0.042	NA	NA	NA	NA	NA	NA	NA	NA	NA
22/10/2018	F10	FS-29	F10_F4_RW2	F	High	Rich	4.502	3.794	2.856	3.834	1.354	1.786	0.596	1.054	2.608	1.897	0.073	0.079	0.045	NA	NA	NA	NA	NA	NA	NA	NA	NA
25/10/2018	F10	FS-43	F10_F5_RW1	F	High	Rich	4.465	4.168	3.092	3.895	1.331	1.831	0.585	1.2	2.562	2.129	0.078	0.078	0.047	NA	NA	NA	NA	NA	NA	NA	NA	NA
25/10/2018	F10	FS-43	F10_F5_RW2	F	High	Rich	4.423	4.132	3.123	3.903	1.335	1.834	0.595	1.193	2.563	2.089	0.08	0.076	0.049	NA	NA	NA	NA	NA	NA	NA	NA	NA
30/10/2018	F10	FS-44	F10_F6_RW1	F	High	Rich	NA	NA	NA	NA	1.532	1.892	0.628	1.044	2.684	2.198	0.082	0.089	0.072	NA	NA	NA	NA	NA	NA	NA	NA	NA
30/10/2018	F10	FS-44	F10_F6_RW2	F	High	Rich	NA	NA	NA	NA	1.525	1.897	0.63	1.053	2.702	2.201	0.081	0.09	0.072	NA	NA	NA	NA	NA	NA	NA	NA	NA
19/10/2018	F10	MS-39	F10_M1_RW1	M	Low	Poor	4.013	4.175	3.153	3.388	1.04	1.876	0.589	0.983	2.226	NA	NA	NA	NA	0.191	0.283	1.093	1.132	0.168	1.841	0.129	0.152166667	0.0385
19/10/2018	F10	MS-39	F10_M1_RW2	M	Low	Poor	4.009	4.152	3.139	3.376	1.048	1.893	0.596	0.986	2.248	NA	NA	NA	NA	0.187	0.289	1.094	1.123	0.169	1.875	0.123	0.143666667	0.039333333
22/10/2018	F10	MS-40	F10_M2_RW1	M	High	Rich	5.932	5.665	3.934	4.268	1.405	2.515	0.707	1.087	2.906	NA	NA	NA	NA	0.172	0.302	1.175	1.201	0.211	1.868	0.413	0.154166667	0.062166667
22/10/2018	F10	MS-40	F10_M2_RW2	M	High	Rich	5.949	5.668	3.969	4.25	1.426	2.528	0.719	1.085	2.892	NA	NA	NA	NA	0.176	0.302	1.165	1.193	0.205	1.857	0.413	0.139	0.061
25/10/2018	F10	MS-55	F10_M3_RW1	M	High	Rich	6.585	6.362	4.659	4.59	1.626	3.003	0.817	1.235	3.115	NA	NA	NA	NA	0.177	0.308	1.195	1.181	0.175	1.506	0.464	0.157333333	0.065166667
25/10/2018	F10	MS-55	F10_M3_RW2	M	High	Rich	6.582	6.374	4.725	4.583	1.615	2.996	0.819	1.221	3.113	NA	NA	NA	NA	0.172	0.308	1.192	1.18	0.177	1.476	0.453	0.162833333	0.064666667
26/10/2018	F10	MS-56	F10_M4_RW1	M	High	Rich	6.741	6.494	4.734	4.543	1.541	2.867	0.825	1.282	3.099	NA	NA	NA	NA	0.205	0.322	1.173	1.158	0.178	1.8	0.321	0.1605	0.066166667
26/10/2018	F10	MS-56	F10_M4_RW2	M	High	Rich	6.734	6.484	4.738	4.528	1.536	2.873	0.83	1.287	3.113	NA	NA	NA	NA	0.207	0.314	1.184	1.141	0.18	1.8	0.313	0.154666667	0.059333333
26/10/2018	F10	MS-57	F10_M5_RW1	M	High	Rich	6.524	6.379	4.369	NA	1.359	2.924	0.803	1.345	3.211	NA	NA	NA	NA	0.163	0.286	1.17	1.158	0.152	1.676	0.463	0.166	0.074166667
26/10/2018	F10	MS-57	F10_M5_RW2	M	High	Rich	6.578	6.365	4.372	NA	1.364	2.919	0.813	1.359	3.238	NA	NA	NA	NA	0.169	0.296	1.183	1.176	0.153	1.623	0.49	0.167833333	0.072
07/11/2018	F10	MS-76	F10_M6_RW1	M	Low	Poor	3.481	3.692	3.02	3.212	1.079	1.693	0.56	1.001	1.978	NA	NA	NA	NA	0.165	0.305	1.111	1.125	0.172	1.672	0.111	0.136	0.035833333
07/11/2018	F10	MS-76	F10_M6_RW2	M	Low	Poor	3.488	3.682	3.026	3.215	1.061	1.694	0.56	1.005	1.978	NA	NA	NA	NA	0.172	0.307	1.111	1.128	0.179	1.674	0.106	0.138166667	0.034833333
07/09/2018	F11	FS-10	F11_F1_RW1	F	High	Rich	4.58	4.178	2.801	NA	1.476	1.775	0.556	1.123	2.439	1.658	0.109	0.097	0.104	NA	NA	NA	NA	NA	NA	NA	NA	NA
07/09/2018	F11	FS-10	F11_F1_RW2	F	High	Rich	4.56	4.175	2.772	NA	1.476	1.769	0.556	1.13	2.466	1.673	0.105	0.099	0.104	NA	NA	NA	NA	NA	NA	NA	NA	NA
04/11/2018	F11	FS-58	F11_F2_RW1	F	High	Rich	4.713	4.24	2.882	3.857	1.55	1.848	0.524	0.948	2.621	1.731	0.059	0.062	0.056	NA	NA	NA	NA	NA	NA	NA	NA	NA
04/11/2018	F11	FS-58	F11_F2_RW2	F	High	Rich	4.706	4.299	2.888	3.857	1.513	1.856	0.529	0.916	2.618	1.747	0.061	0.062	0.056	NA	NA	NA	NA	NA	NA	NA	NA	NA
04/11/2018	F11	FS-59	F11_F3_RW1	F	High	Rich	4.861	4.367	3.005	3.702	1.631	1.911	0.575	1.211	2.617	1.963	0.071	0.074	0.084	NA	NA	NA	NA	NA	NA	NA	NA	NA
04/11/2018	F11	FS-59	F11_F3_RW2	F	High	Rich	4.876	4.379	3.007	3.722	1.612	1.901	0.568	1.211	2.615	1.974	0.071	0.075	0.085	NA	NA	NA	NA	NA	NA	NA	NA	NA
08/11/2018	F11	FS-71	F11_F4_RW1	F	Low	Poor	3.867	3.358	2.23	3.406	1.111	1.622	0.48	1.041	2.073	1.723	0.076	0.076	0.061	NA	NA	NA	NA	NA	NA	NA	NA	NA
08/11/2018	F11	FS-71	F11_F4_RW2	F	Low	Poor	3.875	3.373	2.23	3.4	1.116	1.617	0.483	1.056	2.074	1.73	0.076	0.075	0.062	NA	NA	NA	NA	NA	NA	NA	NA	NA
08/11/2018	F11	FS-72	F11_F5_RW1	F	Low	Poor	4.079	3.413	2.378	3.472	1.219	1.628	0.514	1.012	2.204	2.063	0.072	0.076	0.063	NA	NA	NA	NA	NA	NA	NA	NA	NA
08/11/2018	F11	FS-72	F11_F5_RW2	F	Low	Poor	4.044	3.349	2.382	3.446	1.214	1.63	0.516	1.023	2.205	2.077	0.072	0.076	0.063	NA	NA	NA	NA	NA	NA	NA	NA	NA
06/09/2018	F11	MS-22	F11_M1_RW1	M	High	Rich	6.197	6.059	4.35	NA	1.467	2.859	0.772	1.177	3.083	NA	NA	NA	NA	NA	NA	NA	NA	NA	NA	NA	NA	0.064666667
06/09/2018	F11	MS-22	F11_M1_RW2	M	High	Rich	6.214	6.023	4.317	NA	1.474	2.881	0.775	1.169	3.077	NA	NA	NA	NA	NA	NA	NA	NA	NA	NA	NA	NA	0.063166667
07/09/2018	F11	MS-23	F11_M2_RW1	M	High	Rich	5.843	5.755	4.327	4.123	1.556	2.689	0.7132	1.225	2.796	NA	NA	NA	NA	0.168	0.337	1.131	1.135	0.155	NA	0.828	0.157666667	0.057
07/09/2018	F11	MS-23	F11_M2_RW2	M	High	Rich	5.853	5.769	4.298	4.112	1.569	2.706	0.724	1.231	2.808	NA	NA	NA	NA	0.171	0.33	1.128	1.136	0.161	NA	0.817	0.159833333	0.061666667
09/10/2018	F11	MS-24	F11_M3_RW1	M	High	Rich	5.786	5.6	4.134	4.003	1.314	2.604	0.709	1.21	2.919	NA	NA	NA	NA	0.185	0.308	1.136	1.281	0.18	1.478	0.389	0.145333333	0.050333333
09/10/2018	F11	MS-24	F11_M3_RW2	M	High	Rich	5.784	5.586	4.085	3.959	1.278	2.578	0.703	1.207	2.893	NA	NA	NA	NA	0.185	0.303	1.14	1.285	0.178	1.451	0.379	0.138833333	0.0515
07/11/2018	F11	MS-77	F11_M4_RW1	M	Low	Poor	3.607	4.231	3.083	3.599	1.226	1.954	0.609	1.076	2.373	NA	NA	NA	NA	0.156	0.28	1.079	1.13	0.16	1.978	0.299	0.167833333	0.041
07/11/2018	F11	MS-77	F11_M4_RW2	M	Low	Poor	3.613	4.233	3.032	3.622	1.228	1.969	0.614	1.077	2.363	NA	NA	NA	NA	0.153	0.289	1.079	1.141	0.165	1.993	0.286	0.166166667	0.045333333
08/11/2018	F11	MS-78	F11_M5_RW1	M	Low	Poor	3.902	3.892	3.05	3.433	1.123	1.865	0.6	1.021	2.242	NA	NA	NA	NA	0.173	0.282	1.093	1.094	0.155	2.067	0.229	0.152	0.041666667
08/11/2018	F11	MS-78	F11_M5_RW2	M	Low	Poor	3.895	3.909	3.044	3.424	1.133	1.853	0.608	1.023	2.231	NA	NA	NA	NA	0.169	0.286	1.085	1.117	0.159	2.081	0.21	0.156333333	0.038
01/11/2018	F12	FS-50	F12_F1_RW1	F	Low	Poor	3.173	2.727	1.917	2.791	0.98	1.369	0.408	0.924	1.756	1.906	0.072	0.089	0.055	NA	NA	NA	NA	NA	NA	NA	NA	NA
01/11/2018	F12	FS-50	F12_F1_RW2	F	Low	Poor	3.181	2.713	1.937	2.799	1	1.363	0.413	0.92	1.769	1.92	0.072	0.089	0.055	NA	NA	NA	NA	NA	NA	NA	NA	NA
01/11/2018	F12	FS-51	F12_F2_RW1	F	Low	Poor	3.671	3.129	2.232	3.101	1.007	1.43	0.481	0.998	2.101	1.7925	0.067	0.069	0.072	NA	NA	NA	NA	NA	NA	NA	NA	NA
01/11/2018	F12	FS-51	F12_F2_RW2	F	Low	Poor	3.663	3.129	2.208	3.095	1.007	1.447	0.476	1.001	2.112	1.813	0.068	0.068	0.073	NA	NA	NA	NA	NA	NA	NA	NA	NA
01/11/2018	F12	MS-63	F12_M1_RW1	M	Low	Poor	3.186	3.285	2.676	2.939	0.962	1.502	0.506	NA	1.871	NA	NA	NA	NA	0.166	0.299	1.042	1.11	0.17	NA	0.232	0.1655	0.028833333
01/11/2018	F12	MS-63	F12_M1_RW2	M	Low	Poor	3.239	3.298	2.645	2.928	0.943	1.498	0.513	NA	1.877	NA	NA	NA	NA	0.166	0.301	1.046	1.12	0.172	NA	0.254	0.154	0.0305
16/10/2018	F14	FS-21	F14_F1_RW1	F	Low	Poor	3.728	3.175	2.263	3.083	1.185	1.469	0.469	0.995	1.974	1.681	0.057	0.05	0.041	NA	NA	NA	NA	NA	NA	NA	NA	NA
16/10/2018	F14	FS-21	F14_F1_RW2	F	Low	Poor	3.75	3.135	2.31	3.084	1.191	1.466	0.477	0.993	1.976	1.688	0.052	0.047	0.044	NA	NA	NA	NA	NA	NA	NA	NA	NA
17/10/2018	F14	FS-22	F14_F2_RW1	F	Low	Poor	3.978	3.239	2.377	3.177	1.074	1.495	0.411	0.898	2.092	1.625	0.048	0.057	0.042	NA	NA	NA	NA	NA	NA	NA	NA	NA
17/10/2018	F14	FS-22	F14_F2_RW2	F	Low	Poor	3.956	3.29	2.36	3.182	1.071	1.494	0.411	0.899	2.08	1.621	0.046	0.055	0.042	NA	NA	NA	NA	NA	NA	NA	NA	NA
19/11/2018	F14	FS-93	F14_F3_RW1	F	High	Rich	4.742	4.135	2.892	NA	1.4	1.799	0.548	1.066	2.629	1.939	0.079	0.075	0.077	NA	NA	NA	NA	NA	NA	NA	NA	NA
19/11/2018	F14	FS-93	F14_F3_RW2	F	High	Rich	4.739	4.096	2.902	NA	1.388	1.781	0.543	1.077	2.637	1.954	0.081	0.072	0.076	NA	NA	NA	NA	NA	NA	NA	NA	NA
19/11/2018	F14	FS-94	F14_F4_RW1	F	High	Rich	4.997	4.324	2.972	4.089	1.577	1.885	0.583	1.116	2.537	2.252	0.082	0.085	0.051	NA	NA	NA	NA	NA	NA	NA	NA	NA
19/11/2018	F14	FS-94	F14_F4_RW2	F	High	Rich	4.952	4.302	2.982	4.089	1.582	1.885	0.579	1.097	2.536	2.299	0.08	0.086	0.053	NA	NA	NA	NA	NA	NA	NA	NA	NA
05/09/2018	F14	MS-19	F14_M1_RW1	M	Low	Poor	3.678	3.816	2.903	3.245	1.209	1.691	0.608	0.988	2.01	NA	NA	NA	NA	NA	NA	1.093	1.149	0.171	1.728	0.319	0.166	0.029166667
05/09/2018	F14	MS-19	F14_M1_RW2	M	Low	Poor	3.679	3.812	2.883	3.246	1.207	1.678	0.605	1.004	2.03	NA	NA	NA	NA	NA	NA	1.087	1.162	0.162	1.699	0.313	0.166833333	0.025666667
06/09/2018	F14	MS-20	F14_M2_RW1	M	Low	Poor	3.529	3.576	2.881	3.143	1.45	1.979	0.567	0.998	2.022	NA	NA	NA	NA	0.164	0.254	1.035	1.047	0.175	1.78	0.305	0.1625	0.036833333
06/09/2018	F14	MS-20	F14_M2_RW2	M	Low	Poor	3.525	3.625	2.863	3.169	1.431	1.956	0.565	0.985	2.041	NA	NA	NA	NA	0.166	0.255	1.04	1.06	0.174	1.799	0.298	0.170833333	0.035166667
06/09/2018	F14	MS-21	F14_M3_RW1	M	Low	Poor	3.387	3.459	2.75	3.234	1.145	1.562	0.541	0.977	1.959	NA	NA	NA	NA	0.182	0.279	1.064	1.105	0.081	NA	0.284	0.146666667	0.028666667
06/09/2018	F14	MS-21	F14_M3_RW2	M	Low	Poor	3.381	3.444	2.743	3.215	1.165	1.555	0.534	0.98	1.975	NA	NA	NA	NA	0.178	0.283	1.075	1.109	0.083	NA	0.288	0.129	0.027833333
17/10/2018	F14	MS-32	F14_M4_RW1	M	Low	Poor	3.773	3.88	NA	3.149	1.475	1.688	0.61	0.907	2.159	NA	NA	NA	NA	0.176	0.27	1.073	1.115	0.156	1.536	0.228	0.159333333	0.033333333
17/10/2018	F14	MS-32	F14_M4_RW2	M	Low	Poor	3.782	3.85	NA	3.15	1.475	1.678	0.602	0.907	2.119	NA	NA	NA	NA	0.185	0.289	1.073	1.116	0.163	1.535	0.216	0.162166667	0.043666667
11/10/2018	F15	FS-15	F15_F1_RW1	F	Low	Poor	3.315	2.795	2.033	2.773	0.963	1.274	0.428	0.849	1.696	1.673	0.081	0.066	0.049	NA	NA	NA	NA	NA	NA	NA	NA	NA
11/10/2018	F15	FS-15	F15_F1_RW2	F	Low	Poor	3.322	2.767	2.039	2.784	0.968	1.275	0.427	0.85	1.673	1.68	0.079	0.068	0.048	NA	NA	NA	NA	NA	NA	NA	NA	NA
11/10/2018	F15	FS-18	F15_F2_RW1	F	Low	Poor	3.134	2.661	NA	2.693	1.063	1.312	0.46	0.834	1.636	1.73	0.059	0.086	0.067	NA	NA	NA	NA	NA	NA	NA	NA	NA
11/10/2018	F15	FS-18	F15_F2_RW2	F	Low	Poor	3.137	2.658	NA	2.685	1.072	1.311	0.45	0.828	1.639	1.727	0.058	0.085	0.067	NA	NA	NA	NA	NA	NA	NA	NA	NA
12/10/2018	F15	FS-19	F15_F3_RW1	F	Low	Poor	3.059	3.061	2.427	2.896	NA	NA	NA	NA	NA	NA	NA	NA	NA	NA	NA	NA	NA	NA	NA	NA	NA	NA
12/10/2018	F15	FS-19	F15_F3_RW2	F	Low	Poor	3.044	3.048	2.427	2.894	NA	NA	NA	NA	NA	NA	NA	NA	NA	NA	NA	NA	NA	NA	NA	NA	NA	NA
16/10/2018	F15	FS-20	F15_F4_RW1	F	Low	Poor	2.95	2.693	2.121	2.638	0.918	1.418	0.431	0.795	1.838	1.86	NA	NA	NA	NA	NA	NA	NA	NA	NA	NA	NA	NA
16/10/2018	F15	FS-20	F15_F4_RW2	F	Low	Poor	2.93	2.696	2.153	2.637	0.918	1.424	0.425	0.807	1.822	1.849	NA	NA	NA	NA	NA	NA	NA	NA	NA	NA	NA	NA
05/11/2018	F15	FS-61	F15_F5_RW1	F	High	Rich	NA	NA	NA	NA	1.542	1.816	0.548	1.134	2.563	2.085	0.074	0.074	0.069	NA	NA	NA	NA	NA	NA	NA	NA	NA
05/11/2018	F15	FS-61	F15_F5_RW2	F	High	Rich	NA	NA	NA	NA	1.537	1.813	0.538	1.127	2.591	2.086	0.073	0.074	0.069	NA	NA	NA	NA	NA	NA	NA	NA	NA
05/11/2018	F15	FS-62	F15_F6_RW1	F	High	Rich	4.617	3.879	2.612	NA	1.434	1.902	0.572	1.087	2.621	2.13	0.072	0.074	0.061	NA	NA	NA	NA	NA	NA	NA	NA	NA
05/11/2018	F15	FS-62	F15_F6_RW2	F	High	Rich	4.572	3.895	2.618	NA	1.436	1.898	0.576	1.09	2.627	2.118	0.075	0.073	0.06	NA	NA	NA	NA	NA	NA	NA	NA	NA
06/11/2018	F15	FS-63	F15_F7_RW1	F	High	Rich	4.705	4.046	2.634	NA	1.324	1.852	0.559	1.137	2.533	2.1489	0.063	0.064	0.067	NA	NA	NA	NA	NA	NA	NA	NA	NA
06/11/2018	F15	FS-63	F15_F7_RW2	F	High	Rich	4.704	4.073	2.671	NA	1.303	1.865	0.567	1.133	2.53	2.204	0.06	0.064	0.067	NA	NA	NA	NA	NA	NA	NA	NA	NA
11/10/2018	F15	MS-27	F15_M1_RW1	M	Low	Poor	NA	NA	NA	2.72	1.111	1.436	0.472	0.858	1.849	NA	NA	NA	NA	0.133	0.259	1.008	1.102	0.128	1.807	0.152	0.1355	NA
11/10/2018	F15	MS-27	F15_M1_RW2	M	Low	Poor	NA	NA	NA	2.719	1.111	1.434	0.461	0.853	1.833	NA	NA	NA	NA	0.143	0.244	1.002	1.106	0.128	1.762	0.148	0.133833333	NA
12/10/2018	F15	MS-28	F15_M2_RW1	M	Low	Poor	3.079	3.123	2.504	2.786	0.927	1.413	0.48	0.791	1.733	NA	NA	NA	NA	0.188	0.265	0.993	1.131	0.147	1.121	0.157	0.164833333	NA
12/10/2018	F15	MS-28	F15_M2_RW2	M	Low	Poor	3.092	3.132	2.517	2.796	0.912	1.402	0.48	0.802	1.738	NA	NA	NA	NA	0.185	0.263	0.99	1.128	0.145	1.071	0.146	0.163833333	NA
12/10/2018	F15	MS-29	F15_M3_RW1	M	Low	Poor	2.993	3.002	2.543	2.817	1.018	1.396	0.473	0.916	1.775	NA	NA	NA	NA	0.189	0.263	0.982	0.991	NA	NA	0.126	0.120666667	NA
12/10/2018	F15	MS-29	F15_M3_RW2	M	Low	Poor	3.01	3.015	2.531	2.808	1.027	1.393	0.474	0.904	1.785	NA	NA	NA	NA	0.187	0.264	0.989	0.993	NA	NA	0.127	0.119	NA
17/10/2018	F15	MS-31	F15_M4_RW1	M	Low	Poor	2.809	2.933	2.425	NA	1.044	1.302	0.463	0.837	1.681	NA	NA	NA	NA	0.177	0.265	1.005	1.118	0.148	1.366	0.074	0.138	0.031
17/10/2018	F15	MS-31	F15_M4_RW2	M	Low	Poor	2.841	2.917	2.423	NA	1.052	1.29	0.466	0.845	1.667	NA	NA	NA	NA	0.179	0.262	0.995	1.097	0.145	1.346	0.083	0.14	0.033833333
22/10/2018	F15	MS-41	F15_M5_RW1	M	High	Rich	5.478	5.34	4.075	4.122	1.407	2.622	0.744	1.094	2.805	NA	NA	NA	NA	0.206	0.295	1.113	1.198	0.167	2.058	0.427	0.143833333	0.055333333
22/10/2018	F15	MS-41	F15_M5_RW2	M	High	Rich	5.495	5.358	4.055	4.124	1.402	2.632	0.753	1.09	2.814	NA	NA	NA	NA	0.2	0.29	1.112	1.2	0.157	2.055	0.426	0.15	0.057666667
22/10/2018	F15	MS-42	F15_M6_RW1	M	High	Rich	5.696	5.443	4.057	NA	1.529	2.593	0.736	1.156	2.877	NA	NA	NA	NA	0.203	0.295	1.122	1.156	0.18	2.078	0.436	0.152666667	0.045333333
22/10/2018	F15	MS-42	F15_M6_RW2	M	High	Rich	5.695	5.448	4.056	NA	1.535	2.63	0.752	1.141	2.874	NA	NA	NA	NA	0.198	0.29	1.123	1.155	0.178	2.044	0.445	0.157666667	0.044666667
13/11/2018	F15	MS-93	F15_M7_RW1	M	High	Rich	5.749	5.477	4.027	4.129	1.486	2.668	0.711	1.037	2.822	NA	NA	NA	NA	0.2	0.343	1.127	1.152	0.164	2.049	0.782	0.1655	0.0685
13/11/2018	F15	MS-93	F15_M7_RW2	M	High	Rich	5.727	5.557	4.016	4.143	1.501	2.663	0.702	1.029	2.83	NA	NA	NA	NA	0.203	0.337	1.133	1.158	0.166	2.047	0.794	0.167333333	0.071
09/10/2018	F16	FS-11	F16_F1_RW1	F	Low	Poor	4.044	3.37	2.377	3.255	1.207	1.497	0.55	1.042	2.145	1.357	0.098	0.107	0.077	NA	NA	NA	NA	NA	NA	NA	NA	NA
09/10/2018	F16	FS-11	F16_F1_RW2	F	Low	Poor	4.088	3.393	2.342	3.259	1.206	1.481	0.536	1.065	2.162	1.367	0.097	0.11	0.075	NA	NA	NA	NA	NA	NA	NA	NA	NA
24/10/2018	F16	FS-38	F16_F2_RW1	F	High	Rich	5.044	4.07	2.622	NA	1.642	1.884	0.479	1.114	2.721	2.169	0.079	0.084	0.051	NA	NA	NA	NA	NA	NA	NA	NA	NA
24/10/2018	F16	FS-38	F16_F2_RW2	F	High	Rich	5.026	4.118	2.609	NA	1.637	1.877	0.489	1.144	2.733	2.222	0.079	0.085	0.051	NA	NA	NA	NA	NA	NA	NA	NA	NA
24/10/2018	F16	FS-39	F16_F3_RW1	F	High	Rich	5.036	4.141	2.716	4.027	1.508	1.843	0.566	1.103	2.646	2.236	0.091	0.08	0.055	NA	NA	NA	NA	NA	NA	NA	NA	NA
24/10/2018	F16	FS-39	F16_F3_RW2	F	High	Rich	5.061	4.151	2.743	4.038	1.496	1.833	0.575	1.115	2.671	2.25	0.09	0.08	0.054	NA	NA	NA	NA	NA	NA	NA	NA	NA
24/10/2018	F16	FS-40	F16_F4_RW1	F	High	Rich	5.217	4.378	2.794	NA	1.407	1.878	0.571	0.86	2.695	2.011	0.062	0.077	0.066	NA	NA	NA	NA	NA	NA	NA	NA	NA
24/10/2018	F16	FS-40	F16_F4_RW2	F	High	Rich	5.21	4.394	2.783	NA	1.421	1.901	0.564	0.861	2.72	2.014	0.063	0.077	0.066	NA	NA	NA	NA	NA	NA	NA	NA	NA
09/11/2018	F16	FS-74	F16_F5_RW1	F	Low	Poor	NA	NA	NA	3.175	1.19	1.514	0.468	0.958	1.817	2.174	0.08	0.075	0.065	NA	NA	NA	NA	NA	NA	NA	NA	NA
09/11/2018	F16	FS-74	F16_F5_RW2	F	Low	Poor	NA	NA	NA	3.182	1.187	1.509	0.466	0.966	1.82	2.151	0.08	0.075	0.067	NA	NA	NA	NA	NA	NA	NA	NA	NA
09/11/2018	F16	FS-75	F16_F6_RW1	F	Low	Poor	3.961	3.367	2.342	1.602	NA	1.47	0.49	0.993	2.063	NA	0.084	0.091	NA	NA	NA	NA	NA	NA	NA	NA	NA	NA
09/11/2018	F16	FS-75	F16_F6_RW2	F	Low	Poor	3.938	3.375	2.347	1.6	NA	1.458	0.486	0.984	2.045	NA	0.085	0.089	NA	NA	NA	NA	NA	NA	NA	NA	NA	NA
23/10/2018	F16	MS-46	F16_M1_RW1	M	High	Rich	6.256	5.914	3.976	4.253	1.457	2.601	0.746	1.139	2.977	NA	NA	NA	NA	0.171	0.303	1.1	1.128	0.184	1.989	0.496	0.1455	0.068833333
23/10/2018	F16	MS-46	F16_M1_RW2	M	High	Rich	6.255	5.889	3.986	4.243	1.461	2.6	0.748	1.132	2.986	NA	NA	NA	NA	0.18	0.308	1.103	1.121	0.185	1.991	0.525	0.150833333	0.072333333
23/10/2018	F16	MS-47	F16_M2_RW1	M	High	Rich	6.388	6.279	4.334	4.46	1.481	2.828	0.794	1.215	3.095	NA	NA	NA	NA	0.217	0.332	1.131	1.149	0.193	2.057	0.483	0.1575	0.07
23/10/2018	F16	MS-47	F16_M2_RW2	M	High	Rich	6.374	6.263	4.304	4.468	1.479	2.825	0.798	1.207	3.105	NA	NA	NA	NA	0.208	0.337	1.127	1.144	0.186	1.976	0.503	0.155833333	0.069166667
02/11/2018	F16	MS-67	F16_M3_RW1	M	High	Rich	6.092	5.764	NA	4.314	1.555	2.845	0.751	1.091	3.086	NA	NA	NA	NA	0.162	0.278	1.132	1.126	0.178	2.003	0.515	0.1635	0.058666667
02/11/2018	F16	MS-67	F16_M3_RW2	M	High	Rich	6.081	5.778	NA	4.326	1.552	2.848	0.74	1.104	3.091	NA	NA	NA	NA	0.163	0.275	1.139	1.137	0.181	1.984	0.517	0.162333333	0.059166667
08/11/2018	F16	MS-81	F16_M4_RW1	M	Low	Poor	3.977	4.006	2.958	3.32	1.209	1.754	0.58	1.03	2.18	NA	NA	NA	NA	0.196	0.279	1.071	1.105	0.163	1.913	0.262	0.161166667	0.043333333
08/11/2018	F16	MS-81	F16_M4_RW2	M	Low	Poor	3.966	4.008	2.961	3.32	1.209	1.759	0.58	1.034	2.174	NA	NA	NA	NA	0.191	0.285	1.062	1.105	0.163	1.903	0.269	0.164833333	0.0395
08/11/2018	F16	MS-82	F16_M5_RW1	M	Low	Poor	4.065	4.11	3.065	NA	0.994	2.034	0.611	1.046	1.878	NA	NA	NA	NA	0.158	0.284	1.071	1.108	0.156	2.033	0.295	0.16	0.039833333
08/11/2018	F16	MS-82	F16_M5_RW2	M	Low	Poor	4.075	4.073	3.051	NA	0.988	2.031	0.588	1.04	1.876	NA	NA	NA	NA	0.156	0.294	1.052	1.097	0.165	2.07	0.281	0.157666667	0.040833333
13/11/2018	F16	MS-92	F16_M6_RW1	M	Low	Poor	NA	NA	NA	3.439	1.19	1.831	0.602	1.071	2.257	NA	NA	NA	NA	0.157	0.288	1.041	1.093	0.181	1.973	0.289	0.154	NA
13/11/2018	F16	MS-92	F16_M6_RW2	M	Low	Poor	NA	NA	NA	3.434	1.195	1.828	0.574	1.078	2.254	NA	NA	NA	NA	0.171	0.286	1.05	1.09	0.183	1.978	0.271	0.163	NA
10/10/2018	F18	FS-12	F18_F1_RW1	F	Low	Poor	3.718	3.178	2.261	3.079	0.923	1.517	0.518	0.956	2.007	1.817	0.028	0.034	0.039	NA	NA	NA	NA	NA	NA	NA	NA	NA
10/10/2018	F18	FS-12	F18_F1_RW2	F	Low	Poor	3.7	3.155	2.28	3.094	0.933	1.506	0.497	0.967	2.021	1.824	0.028	0.038	0.036	NA	NA	NA	NA	NA	NA	NA	NA	NA
10/10/2018	F18	FS-13	F18_F2_RW1	F	Low	Poor	3.611	2.991	2.19	2.986	1.059	1.422	0.464	0.929	2.007	1.627	0.067	0.073	0.052	NA	NA	NA	NA	NA	NA	NA	NA	NA
10/10/2018	F18	FS-13	F18_F2_RW2	F	Low	Poor	3.629	3.019	2.185	2.992	1.061	1.431	0.465	0.929	1.998	1.632	0.068	0.074	0.054	NA	NA	NA	NA	NA	NA	NA	NA	NA
10/10/2018	F18	FS-14	F18_F3_RW1	F	Low	Poor	3.962	3.366	2.221	NA	NA	NA	0.494	0.995	2.037	1.767	0.071	0.069	0.046	NA	NA	NA	NA	NA	NA	NA	NA	NA
10/10/2018	F18	FS-14	F18_F3_RW2	F	Low	Poor	3.946	3.373	2.225	NA	NA	NA	0.467	0.991	2.031	1.761	0.072	0.068	0.046	NA	NA	NA	NA	NA	NA	NA	NA	NA
22/10/2018	F18	FS-30	F18_F4_RW1	F	High	Rich	4.466	4.053	2.851	NA	1.526	1.852	0.502	1.135	2.66	1.864	0.067	0.075	NA	NA	NA	NA	NA	NA	NA	NA	NA	NA
22/10/2018	F18	FS-30	F18_F4_RW2	F	High	Rich	4.475	4.08	2.888	NA	1.524	1.854	0.516	1.136	2.646	1.859	0.067	0.072	NA	NA	NA	NA	NA	NA	NA	NA	NA	NA
23/10/2018	F18	FS-31	F18_F5_RW1	F	High	Rich	5.238	4.27	2.967	NA	1.555	1.88	0.55	1.216	2.724	2.151	0.076	0.068	0.066	NA	NA	NA	NA	NA	NA	NA	NA	NA
23/10/2018	F18	FS-31	F18_F5_RW2	F	High	Rich	5.23	4.246	2.982	NA	1.553	1.883	0.567	1.231	2.721	2.158	0.078	0.067	0.066	NA	NA	NA	NA	NA	NA	NA	NA	NA
23/10/2018	F18	FS-32	F18_F6_RW1	F	High	Rich	5.027	4.182	2.955	NA	1.371	1.919	0.552	1.173	2.59	1.971	0.076	0.08	NA	NA	NA	NA	NA	NA	NA	NA	NA	NA
23/10/2018	F18	FS-32	F18_F6_RW2	F	High	Rich	5.036	4.191	2.961	NA	1.357	1.932	0.561	1.193	2.603	1.994	0.076	0.081	NA	NA	NA	NA	NA	NA	NA	NA	NA	NA
14/11/2018	F18	FS-87	F18_F7_RW1	F	High	Rich	4.734	4.166	3.017	3.951	1.523	1.856	0.573	1.155	2.643	2.14	0.061	0.053	0.046	NA	NA	NA	NA	NA	NA	NA	NA	NA
14/11/2018	F18	FS-87	F18_F7_RW2	F	High	Rich	4.65	4.163	2.98	3.959	1.524	1.849	0.564	1.153	2.641	2.138	0.062	0.052	0.047	NA	NA	NA	NA	NA	NA	NA	NA	NA
10/10/2018	F18	MS-25	F18_M1_RW1	M	Low	Poor	3.436	3.575	2.864	3.007	1.135	1.654	0.552	1.003	1.914	NA	NA	NA	NA	0.183	0.278	0.956	1.12	0.176	1.924	0.164	0.142666667	0.03
10/10/2018	F18	MS-25	F18_M1_RW2	M	Low	Poor	3.422	3.581	2.853	2.996	1.143	1.664	0.55	0.996	1.916	NA	NA	NA	NA	0.177	0.277	0.95	1.122	0.174	1.945	0.18	0.152	0.0335
10/10/2018	F18	MS-26	F18_M2_RW1	M	Low	Poor	3.243	3.254	2.71	2.979	1.05	1.54	0.516	0.906	1.918	NA	NA	NA	NA	0.172	0.275	1.074	1.104	0.157	1.355	0.206	0.153333333	0.031833333
10/10/2018	F18	MS-26	F18_M2_RW2	M	Low	Poor	3.226	3.291	2.651	2.971	1.056	1.547	0.514	0.909	1.885	NA	NA	NA	NA	0.173	0.282	1.078	1.112	0.162	1.352	0.219	0.149166667	0.034666667
23/10/2018	F18	MS-43	F18_M3_RW1	M	High	Rich	6.094	5.864	4.291	4.427	1.579	2.788	0.771	1.231	3.129	NA	NA	NA	NA	0.16	0.325	1.086	1.198	0.167	1.862	0.621	NA	0.055666667
23/10/2018	F18	MS-43	F18_M3_RW2	M	High	Rich	6.105	5.851	4.301	4.445	1.583	2.772	0.77	1.221	3.139	NA	NA	NA	NA	0.17	0.326	1.09	1.195	0.164	1.845	0.623	NA	0.054333333
23/10/2018	F18	MS-44	F18_M4_RW1	M	High	Rich	6.65	6.322	4.675	4.316	1.625	2.882	0.786	1.276	3.122	NA	NA	NA	NA	0.208	0.309	1.204	1.27	0.167	2.147	0.483	0.156	0.0695
23/10/2018	F18	MS-44	F18_M4_RW2	M	High	Rich	6.643	6.34	4.667	4.325	1.633	2.876	0.775	1.292	3.077	NA	NA	NA	NA	0.21	0.311	1	1.266	0.167	2.107	0.495	0.155166667	0.0705
23/10/2018	F18	MS-45	F18_M5_RW1	M	High	Rich	5.859	5.711	4.525	3.962	1.657	2.752	0.766	1.146	2.965	NA	NA	NA	NA	0.208	0.314	1.152	1.196	0.157	1.973	0.42	0.152166667	0.061
23/10/2018	F18	MS-45	F18_M5_RW2	M	High	Rich	5.901	5.711	4.518	3.96	1.64	2.761	0.752	1.158	2.968	NA	NA	NA	NA	0.198	0.303	1.153	1.201	0.149	1.955	0.415	0.148666667	0.062166667
11/10/2018	F19	FS-16	F19_F1_RW1	F	High	Rich	5.116	4.284	2.944	3.874	1.666	1.864	0.535	NA	2.673	1.781	0.079	0.067	0.075	NA	NA	NA	NA	NA	NA	NA	NA	NA
11/10/2018	F19	FS-16	F19_F1_RW2	F	High	Rich	5.099	4.25	2.94	3.876	1.669	1.889	0.537	NA	2.661	1.769	0.077	0.068	0.073	NA	NA	NA	NA	NA	NA	NA	NA	NA
11/10/2018	F19	FS-17	F19_F2_RW1	F	High	Rich	4.716	4.446	3.262	NA	1.567	1.924	0.58	1.198	2.747	1.768	0.073	0.074	0.047	NA	NA	NA	NA	NA	NA	NA	NA	NA
11/10/2018	F19	FS-17	F19_F2_RW2	F	High	Rich	4.706	4.432	3.241	NA	1.579	1.913	0.587	1.194	2.743	1.774	0.072	0.075	0.048	NA	NA	NA	NA	NA	NA	NA	NA	NA
07/11/2018	F19	FS-70	F19_F3_RW1	F	High	Rich	4.877	4.203	2.836	3.897	1.502	1.843	0.594	1.156	2.575	1.914	0.083	0.084	0.089	NA	NA	NA	NA	NA	NA	NA	NA	NA
07/11/2018	F19	FS-70	F19_F3_RW2	F	High	Rich	4.901	4.127	2.824	3.894	1.502	1.842	0.58	1.171	2.581	1.923	0.085	0.084	0.09	NA	NA	NA	NA	NA	NA	NA	NA	NA
12/11/2018	F19	FS-82	F19_F4_RW1	F	Low	Poor	3.675	3.122	2.181	3.038	1.132	1.462	0.465	0.867	2.002	1.946	0.047	0.049	0.04	NA	NA	NA	NA	NA	NA	NA	NA	NA
12/11/2018	F19	FS-82	F19_F4_RW2	F	Low	Poor	3.654	3.128	2.135	3.044	1.122	1.473	0.482	0.884	2.009	1.954	0.047	0.048	0.039	NA	NA	NA	NA	NA	NA	NA	NA	NA
12/11/2018	F19	FS-83	F19_F5_RW1	F	Low	Poor	3.658	3.138	2.013	3.028	0.999	1.472	0.4	0.669	1.957	1.957	0.066	0.082	0.058	NA	NA	NA	NA	NA	NA	NA	NA	NA
12/11/2018	F19	FS-83	F19_F5_RW2	F	Low	Poor	3.635	3.126	2.02	3.033	1.014	1.467	0.411	0.686	1.94	1.966	0.067	0.083	0.059	NA	NA	NA	NA	NA	NA	NA	NA	NA
12/11/2018	F19	FS-84	F19_F6_RW1	F	Low	Poor	3.657	3.11	2.185	2.971	0.981	1.36	0.421	0.855	1.924	1.789	0.069	0.068	0.044	NA	NA	NA	NA	NA	NA	NA	NA	NA
12/11/2018	F19	FS-84	F19_F6_RW2	F	Low	Poor	3.675	3.128	2.19	2.974	0.99	1.358	0.438	0.838	1.933	1.779	0.07	0.068	0.044	NA	NA	NA	NA	NA	NA	NA	NA	NA
19/11/2018	F19	FS-96	F19_F7_RW1	F	High	Rich	4.786	3.958	2.707	3.822	1.461	1.741	0.582	1.089	2.584	2.174	0.076	0.084	0.069	NA	NA	NA	NA	NA	NA	NA	NA	NA
19/11/2018	F19	FS-96	F19_F7_RW2	F	High	Rich	4.801	3.94	2.709	3.851	1.46	1.742	0.587	1.114	2.573	2.177	0.077	0.084	0.069	NA	NA	NA	NA	NA	NA	NA	NA	NA
01/08/2018	F19	MS-1	F19_M1_RW1	M	High	Rich	NA	NA	NA	NA	NA	2.871	0.716	0.877	2.91	NA	NA	NA	NA	0.125	0.198	1.032	1.116	0.183	NA	0.326	NA	NA
01/08/2018	F19	MS-1	F19_M1_RW2	M	High	Rich	NA	NA	NA	NA	NA	2.849	0.668	0.891	2.909	NA	NA	NA	NA	0.127	0.199	1.024	1.13	0.186	NA	0.314	NA	NA
01/08/2018	F19	MS-2	F19_M2_RW1	M	High	Rich	NA	NA	NA	NA	NA	2.372	0.577	0.955	2.618	NA	NA	NA	NA	0.132	0.235	0.942	0.952	0.168	2.007	0.635	0.816	NA
01/08/2018	F19	MS-2	F19_M2_RW2	M	High	Rich	NA	NA	NA	NA	NA	2.398	0.611	0.967	2.633	NA	NA	NA	NA	0.147	0.233	0.943	0.953	0.166	2.042	0.641	0.809	NA
01/08/2018	F19	MS-3	F19_M3_RW1	M	High	Rich	NA	NA	NA	NA	NA	2.917	0.723	1.082	2.954	NA	NA	NA	NA	NA	NA	1.473	1.5	0.257	NA	0.508	NA	NA
01/08/2018	F19	MS-3	F19_M3_RW2	M	High	Rich	NA	NA	NA	NA	NA	2.911	0.76	1.08	2.995	NA	NA	NA	NA	NA	NA	1.467	1.497	0.253	NA	0.532	NA	NA
12/11/2018	F19	MS-90	F19_M4_RW1	M	Low	Poor	3.152	2.999	2.511	2.958	1.103	1.445	0.505	0.89	1.9	NA	NA	NA	NA	0.178	0.249	1.09	1.088	0.157	1.903	0.219	0.165666667	0.030166667
12/11/2018	F19	MS-90	F19_M4_RW2	M	Low	Poor	3.148	2.305	2.504	2.955	1.018	1.442	0.484	0.907	1.891	NA	NA	NA	NA	0.179	0.256	1.097	1.084	0.165	1.832	0.205	0.161666667	0.027333333
06/11/2018	F2	FS-67	F2_F1_RW1	F	High	Rich	5.014	4.403	3.113	4.076	1.467	1.871	0.591	1.122	2.565	2.1	0.064	0.074	0.054	NA	NA	NA	NA	NA	NA	NA	NA	NA
06/11/2018	F2	FS-67	F2_F1_RW2	F	High	Rich	5.012	4.382	3.137	4.082	1.48	1.916	0.61	1.133	2.674	2.094	0.064	0.074	0.052	NA	NA	NA	NA	NA	NA	NA	NA	NA
06/11/2018	F2	FS-68	F2_F2_RW1	F	High	Rich	4.997	4.443	2.946	3.99	1.372	1.936	0.567	1.186	2.61	1.936	0.07	0.08	0.069	NA	NA	NA	NA	NA	NA	NA	NA	NA
06/11/2018	F2	FS-68	F2_F2_RW2	F	High	Rich	4.996	4.415	2.934	3.989	1.387	1.918	0.548	1.187	2.625	1.952	0.075	0.079	0.073	NA	NA	NA	NA	NA	NA	NA	NA	NA
09/11/2018	F2	FS-76	F2_F3_RW1	F	Low	Poor	4.001	3.488	2.512	3.305	1.186	1.574	0.477	0.996	2.191	2.004	0.077	0.081	0.075	NA	NA	NA	NA	NA	NA	NA	NA	NA
09/11/2018	F2	FS-76	F2_F3_RW2	F	Low	Poor	4.021	3.476	2.513	3.299	1.197	1.586	0.478	1.005	2.199	2.035	0.076	0.082	0.075	NA	NA	NA	NA	NA	NA	NA	NA	NA
09/11/2018	F2	FS-77	F2_F4_RW1	F	Low	Poor	4.09	3.519	2.541	3.378	1.275	1.646	0.495	1.006	2.204	1.932	0.074	0.076	0.073	NA	NA	NA	NA	NA	NA	NA	NA	NA
09/11/2018	F2	FS-77	F2_F4_RW2	F	Low	Poor	4.092	3.534	2.531	3.376	1.256	1.648	0.488	1.023	2.204	1.929	0.073	0.079	0.073	NA	NA	NA	NA	NA	NA	NA	NA	NA
14/11/2018	F2	FS-88	F2_F5_RW1	F	High	Rich	5.081	4.33	2.998	3.925	1.463	NA	0.597	1.195	2.638	2.348	0.069	0.081	0.06	NA	NA	NA	NA	NA	NA	NA	NA	NA
14/11/2018	F2	FS-88	F2_F5_RW2	F	High	Rich	5.145	4.269	2.958	3.928	1.473	NA	0.575	1.196	2.651	2.328	0.069	0.076	0.061	NA	NA	NA	NA	NA	NA	NA	NA	NA
04/09/2018	F2	MS-16	F2_M1_RW1	M	High	Rich	NA	NA	NA	NA	1.581	2.731	0.773	1.189	3.393	NA	NA	NA	NA	0.191	0.356	1.091	1.157	0.16	1.687	0.688	0.1555	NA
04/09/2018	F2	MS-16	F2_M1_RW2	M	High	Rich	NA	NA	NA	NA	1.562	2.764	0.813	1.191	3.362	NA	NA	NA	NA	0.199	0.35	1.104	1.162	0.162	1.69	0.694	0.156	NA
05/09/2018	F2	MS-17	F2_M2_RW1	M	High	Rich	6.487	6.302	NA	NA	1.685	2.849	0.795	1.31	3.05	NA	NA	NA	NA	NA	NA	1.108	1.145	0.172	NA	0.691	0.148833333	0.075666667
05/09/2018	F2	MS-17	F2_M2_RW2	M	High	Rich	6.533	6.323	NA	NA	1.663	2.893	0.791	1.299	3.068	NA	NA	NA	NA	NA	NA	1.118	1.152	0.176	NA	0.784	0.142666667	0.077333333
05/09/2018	F2	MS-18	F2_M3_RW1	M	High	Rich	6.615	6.522	4.53	NA	1.63	3.071	0.816	NA	3.255	NA	NA	NA	NA	0.185	0.341	1.129	1.199	0.172	1.102	0.734	0.155333333	0.065
05/09/2018	F2	MS-18	F2_M3_RW2	M	High	Rich	6.643	6.601	4.539	NA	1.64	3.037	0.829	NA	3.256	NA	NA	NA	NA	0.186	0.342	1.135	1.191	0.166	1.082	0.722	0.164833333	0.065
08/11/2018	F2	MS-83	F2_M4_RW1	M	Low	Poor	4.122	4.061	3.158	3.335	1.2414	1.851	NA	NA	2.204	NA	NA	NA	NA	0.173	0.317	1.077	1.164	0.176	1.735	0.266	0.165166667	0.039166667
08/11/2018	F2	MS-83	F2_M4_RW2	M	Low	Poor	4.122	4.076	3.147	3.332	1.246	1.847	NA	NA	2.21	NA	NA	NA	NA	0.173	0.315	1.07	1.162	0.176	1.704	0.246	0.1675	0.044666667
07/11/2018	F20	FS-69	F20_F1_RW1	F	Low	Poor	3.735	3.251	2.393	3.21	1.126	1.528	NA	NA	2.08	1.804	0.056	0.056	0.072	NA	NA	NA	NA	NA	NA	NA	NA	NA
07/11/2018	F20	FS-69	F20_F1_RW2	F	Low	Poor	3.849	3.232	2.364	3.197	1.176	1.528	NA	NA	2.065	1.828	0.057	0.058	0.068	NA	NA	NA	NA	NA	NA	NA	NA	NA
13/11/2018	F20	FS-85	F20_F2_RW1	F	Low	Poor	3.662	3.09	2.197	3.214	1.292	1.409	0.478	0.973	1.964	1.707	0.083	0.091	0.056	NA	NA	NA	NA	NA	NA	NA	NA	NA
13/11/2018	F20	FS-85	F20_F2_RW2	F	Low	Poor	3.654	3.095	2.19	3.238	1.313	1.406	0.47	0.965	1.967	1.688	0.081	0.09	0.057	NA	NA	NA	NA	NA	NA	NA	NA	NA
13/11/2018	F20	FS-86	F20_F3_RW1	F	Low	Poor	3.656	3.072	2.165	3.143	1.158	1.455	0.437	0.899	1.917	1.865	0.078	0.077	0.067	NA	NA	NA	NA	NA	NA	NA	NA	NA
13/11/2018	F20	FS-86	F20_F3_RW2	F	Low	Poor	3.642	3.073	2.157	3.14	1.161	1.459	0.438	0.901	1.937	1.909	0.077	0.079	0.065	NA	NA	NA	NA	NA	NA	NA	NA	NA
14/11/2018	F20	FS-89	F20_F4_RW1	F	High	Rich	3.978	3.38	2.32	3.474	1.25	1.626	0.471	1.048	2.303	NA	0.079	0.071	0.067	NA	NA	NA	NA	NA	NA	NA	NA	NA
14/11/2018	F20	FS-89	F20_F4_RW2	F	High	Rich	3.972	3.405	2.333	3.467	1.24	1.631	0.472	1.022	2.301	NA	0.08	0.071	0.066	NA	NA	NA	NA	NA	NA	NA	NA	NA
07/11/2018	F20	MS-73	F20_M1_RW1	M	Low	Poor	3.475	3.631	NA	3.14	1.079	1.659	0.536	NA	2.127	NA	NA	NA	NA	0.186	0.294	1.042	1.065	0.161	2.023	0.16	0.152666667	0.036166667
07/11/2018	F20	MS-73	F20_M1_RW2	M	Low	Poor	3.481	3.634	NA	3.163	1.053	1.666	0.527	NA	2.127	NA	NA	NA	NA	0.188	0.3	1.036	1.064	0.164	2.033	0.163	0.154333333	0.037666667
07/11/2018	F20	MS-74	F20_M2_RW1	M	Low	Poor	3.336	3.406	2.728	3.039	1.124	1.208	0.52	0.995	1.848	NA	NA	NA	NA	0.172	0.296	1.067	1.148	0.154	1.998	0.176	0.159	0.029
07/11/2018	F20	MS-74	F20_M2_RW2	M	Low	Poor	3.287	3.406	2.738	3.041	1.13	1.208	0.52	0.999	1.856	NA	NA	NA	NA	0.179	0.3	1.072	1.145	0.158	1.991	0.181	0.161333333	0.0335
14/11/2018	F20	MS-94	F20_M3_RW1	M	High	Rich	3.898	3.904	2.953	3.163	1.268	1.764	0.543	0.954	2.273	NA	NA	NA	NA	0.186	0.312	1.047	1.112	0.165	1.773	0.337	0.158333333	0.053166667
14/11/2018	F20	MS-94	F20_M3_RW2	M	High	Rich	3.903	3.885	2.959	3.172	1.258	1.767	0.542	0.95	2.283	NA	NA	NA	NA	0.185	0.288	1.049	1.113	0.16	1.738	0.289	0.159666667	0.054
05/11/2018	F21	FS-60	F21_F1_RW1	F	Low	Poor	3.049	2.848	2.048	2.85	0.99	1.45	0.436	0.891	1.791	1.731	0.056	0.061	0.056	NA	NA	NA	NA	NA	NA	NA	NA	NA
05/11/2018	F21	FS-60	F21_F1_RW2	F	Low	Poor	3.047	2.836	2.061	2.872	0.988	1.438	0.429	0.889	1.781	1.733	0.055	0.061	0.057	NA	NA	NA	NA	NA	NA	NA	NA	NA
06/11/2018	F21	FS-64	F21_F2_RW1	F	High	Rich	4.848	4.11	2.792	4.019	1.418	NA	0.598	NA	2.536	1.942	NA	NA	NA	NA	NA	NA	NA	NA	NA	NA	NA	NA
06/11/2018	F21	FS-64	F21_F2_RW2	F	High	Rich	4.864	4.078	2.782	4.033	1.422	NA	0.586	NA	2.541	2.033	NA	NA	NA	NA	NA	NA	NA	NA	NA	NA	NA	NA
06/11/2018	F21	FS-65	F21_F3_RW1	F	High	Rich	4.829	4.23	NA	NA	1.492	1.861	0.597	1.163	2.336	2.045	0.056	0.059	0.05	NA	NA	NA	NA	NA	NA	NA	NA	NA
06/11/2018	F21	FS-65	F21_F3_RW2	F	High	Rich	4.849	4.259	NA	NA	1.465	1.875	0.613	1.17	2.35	2.038	0.057	0.059	0.049	NA	NA	NA	NA	NA	NA	NA	NA	NA
06/11/2018	F21	FS-66	F21_F4_RW1	F	High	Rich	4.934	4.238	2.871	3.942	1.499	1.863	0.571	1.075	2.6	1.936	0.056	0.064	0.061	NA	NA	NA	NA	NA	NA	NA	NA	NA
06/11/2018	F21	FS-66	F21_F4_RW2	F	High	Rich	4.924	4.183	2.837	3.933	1.492	1.869	0.571	1.048	2.622	1.988	0.058	0.065	0.061	NA	NA	NA	NA	NA	NA	NA	NA	NA
15/08/2018	F21	MS-4	F21_M1_RW1	M	High	Rich	4.71	4.751	4.679	NA	1.04	2.126	0.672	0.742	2.685	NA	NA	NA	NA	NA	NA	NA	NA	0.16	NA	0.358	NA	0.056166667
15/08/2018	F21	MS-4	F21_M1_RW2	M	High	Rich	4.73	4.731	4.719	NA	1.092	2.117	0.666	0.706	2.695	NA	NA	NA	NA	NA	NA	NA	NA	0.169833333	NA	0.333	NA	0.058666667
05/11/2018	F21	MS-70	F21_M10_RW1	M	Low	Poor	2.62	3.157	2.567	2.907	0.998	1.486	0.495	0.937	1.828	NA	NA	NA	NA	0.184	0.29	1.064	1.102	0.175	2.058	NA	0.1625	0.037833333
05/11/2018	F21	MS-70	F21_M10_RW2	M	Low	Poor	2.634	3.162	2.568	2.901	1.009	1.508	0.476	0.942	1.827	NA	NA	NA	NA	0.186	0.292	1.066	1.102	0.176	2.058	NA	0.1655	0.039833333
05/11/2018	F21	MS-71	F21_M11_RW1	M	Low	Poor	3.189	3.226	2.626	2.844	NA	1.472	0.526	0.837	1.821	NA	NA	NA	NA	0.148	0.304	1.203	1.051	0.162	1.844	0.206	0.150333333	0.034
05/11/2018	F21	MS-71	F21_M11_RW2	M	Low	Poor	3.159	3.228	2.626	2.84	NA	1.471	0.525	0.832	1.823	NA	NA	NA	NA	0.147	0.305	1.221	1.036	0.164	1.843	0.201	0.156333333	0.034
16/08/2018	F21	MS-5	F21_M2_RW1	M	High	Rich	4.914	4.748	3.678	3.862	0.936	2.238	0.706	1.1	2.5	NA	NA	NA	NA	0.184	0.314	1.1	NA	0.157	1.272	0.623	0.146833333	0.061
16/08/2018	F21	MS-5	F21_M2_RW2	M	High	Rich	4.812	4.755	3.659	3.9	0.958	2.238	0.705	1.083	2.514	NA	NA	NA	NA	0.188	0.324	1.1	NA	0.165	1.24	0.601	0.197166667	0.057
16/08/2018	F21	MS-7	F21_M3_RW1	M	High	Rich	6.156	6.117	4.588	NA	1.545	2.913	0.742	1.248	3.118	NA	NA	NA	NA	NA	NA	1.075	NA	0.176	1.992	0.941	NA	0.077666667
16/08/2018	F21	MS-7	F21_M3_RW2	M	High	Rich	6.148	6.165	4.865	NA	1.541	2.943	0.747	1.234	3.154	NA	NA	NA	NA	NA	NA	1.073	NA	0.168	1.954	0.945	NA	0.076333333
16/08/2018	F21	MS-8	F21_M4_RW1	M	High	Rich	6.305	6.038	4.343	4.438	1.532	2.87	0.781	1.292	NA	NA	NA	NA	NA	0.144	0.233	0.96	0.952	NA	2.071	0.436	0.121833333	0.074166667
16/08/2018	F21	MS-8	F21_M4_RW2	M	High	Rich	6.344	6.042	4.32	4.47	1.529	2.852	0.774	1.297	NA	NA	NA	NA	NA	0.144	0.234	0.962	0.962	NA	2.046	0.42	0.1355	0.0745
16/08/2018	F21	MS-9	F21_M5_RW1	M	High	Rich	6.427	6.199	4.645	4.653	1.552	3.089	0.752	1.073	3.154	NA	NA	NA	NA	0.167	0.278	1.176	0.92	0.223	2.411	0.8	0.1595	0.070166667
16/08/2018	F21	MS-9	F21_M5_RW2	M	High	Rich	6.469	6.191	4.656	4.605	1.563	3.075	0.774	1.061	3.181	NA	NA	NA	NA	0.172	0.276	1.178	0.92	0.228	2.425	0.845	0.1875	0.074333333
16/08/2018	F21	MS-10	F21_M6_RW1	M	High	Rich	6.4	5.959	4.165	NA	1.491	2.769	0.71	1.234	3.092	NA	NA	NA	NA	0.095	0.17	0.623	0.633	0.148	1.395	0.73	0.186666667	NA
16/08/2018	F21	MS-10	F21_M6_RW2	M	High	Rich	6.476	5.914	4.13	NA	1.541	2.769	0.729	1.238	3.135	NA	NA	NA	NA	0.099	0.168	0.628	0.635	0.145	1.394	0.735	0.175333333	NA
17/08/2018	F21	MS-11	F21_M7_RW1	M	High	Rich	6.315	6.072	4.403	NA	1.612	3.029	0.758	0.867	3.642	NA	NA	NA	NA	0.196	0.333	1.094	1.164	0.23	2.804	0.872	0.134166667	0.072333333
17/08/2018	F21	MS-11	F21_M7_RW2	M	High	Rich	6.34	6.118	4.345	NA	1.598	3.06	0.761	0.882	3.643	NA	NA	NA	NA	0.199	0.324	1.101	1.166	0.235	2.775	0.873	0.131666667	0.072833333
17/08/2018	F21	MS-12	F21_M8_RW1	M	High	Rich	6.105	5.791	4.241	NA	1.219	2.76	0.747	1.159	2.988	NA	NA	NA	NA	0.19	0.327	NA	NA	0.198	2.141	0.475	0.176333333	0.0675
17/08/2018	F21	MS-12	F21_M8_RW2	M	High	Rich	6.023	5.83	4.214	NA	1.22	2.774	0.739	1.172	2.995	NA	NA	NA	NA	0.19	0.317	NA	NA	0.205	2.201	0.5	0.180833333	0.0615
05/11/2018	F21	MS-69	F21_M9_RW1	M	Low	Poor	2.63	2.858	2.307	2.647	1.002	1.362	0.425	0.873	1.645	NA	NA	NA	NA	0.159	0.274	1.026	1.103	0.18	2.086	0.16	0.155833333	0.0285
05/11/2018	F21	MS-69	F21_M9_RW2	M	Low	Poor	2.633	2.85	2.284	2.636	1.007	1.373	0.427	0.876	1.643	NA	NA	NA	NA	0.159	0.279	1.029	1.105	0.181	2.052	0.163	0.155	0.032
31/08/2018	F3	FS-7	F3_F1_RW1	F	Low	Poor	4.113	3.699	2.377	3.411	1.192	1.529	0.487	1.04	2.147	1.45	0.09	0.101	NA	NA	NA	NA	NA	NA	NA	NA	NA	NA
31/08/2018	F3	FS-7	F3_F1_RW2	F	Low	Poor	4.137	3.685	2.363	3.416	1.183	1.551	0.5	1.039	2.11	1.439	0.092	0.107	NA	NA	NA	NA	NA	NA	NA	NA	NA	NA
31/08/2018	F3	FS-8	F3_F2_RW1	F	Low	Poor	4.053	3.5	2.426	3.32	NA	1.528	0.451	1.038	2.09	1.711	0.134	0.141	0.086	NA	NA	NA	NA	NA	NA	NA	NA	NA
31/08/2018	F3	FS-8	F3_F2_RW2	F	Low	Poor	4.066	3.499	2.434	3.32	NA	1.533	0.461	1.048	2.102	1.72	0.132	0.135	0.088	NA	NA	NA	NA	NA	NA	NA	NA	NA
04/09/2018	F3	FS-9	F3_F3_RW1	F	Low	Poor	4.189	3.7	2.538	NA	NA	1.668	0.501	1.005	2.192	1.683	0.108	0.115	0.12	NA	NA	NA	NA	NA	NA	NA	NA	NA
04/09/2018	F3	FS-9	F3_F3_RW2	F	Low	Poor	4.172	3.726	2.523	NA	NA	1.66	0.511	1.005	2.204	1.673	0.109	0.106	0.118	NA	NA	NA	NA	NA	NA	NA	NA	NA
01/11/2018	F3	FS-52	F3_F4_RW1	F	High	Rich	4.935	4.345	2.884	3.804	1.316	1.94	0.525	1.192	2.649	2.234	0.067	0.069	0.073	NA	NA	NA	NA	NA	NA	NA	NA	NA
01/11/2018	F3	FS-52	F3_F4_RW2	F	High	Rich	4.895	4.281	2.877	3.813	1.317	1.952	0.516	1.185	2.645	2.241	0.068	0.071	0.072	NA	NA	NA	NA	NA	NA	NA	NA	NA
01/11/2018	F3	FS-53	F3_F5_RW1	F	High	Rich	4.837	4.281	3.032	4.019	1.305	1.954	0.545	1.232	2.71	2.069	0.052	0.059	0.048	NA	NA	NA	NA	NA	NA	NA	NA	NA
01/11/2018	F3	FS-53	F3_F5_RW2	F	High	Rich	4.854	4.258	3.076	4.05	1.3	1.957	0.521	1.238	2.719	2.065	0.051	0.061	0.048	NA	NA	NA	NA	NA	NA	NA	NA	NA
01/11/2018	F3	FS-54	F3_F6_RW1	F	High	Rich	4.893	4.253	2.831	3.979	1.391	1.834	0.528	0.945	2.692	2.257	0.071	0.076	0.069	NA	NA	NA	NA	NA	NA	NA	NA	NA
01/11/2018	F3	FS-54	F3_F6_RW2	F	High	Rich	4.878	4.272	2.79	3.992	1.405	1.85	0.532	0.965	2.691	2.224	0.068	0.075	0.065	NA	NA	NA	NA	NA	NA	NA	NA	NA
31/08/2018	F3	MS-14	F3_M1_RW1	M	Low	Poor	3.408	3.598	2.856	3.195	1.132	1.31	0.483	1.03	2.01	NA	NA	NA	NA	NA	NA	1.094	1.13	0.186	1.649	1.934	0.18	0.037833333
31/08/2018	F3	MS-14	F3_M1_RW2	M	Low	Poor	3.439	3.581	2.854	3.205	1.13	1.316	0.486	1.037	2.018	NA	NA	NA	NA	NA	NA	1.102	1.136	0.186	1.664	1.918	0.19	0.034333333
04/09/2018	F3	MS-15	F3_M2_RW1	M	Low	Poor	4.246	4.291	3.205	NA	1.308	1.8	0.604	1.078	2.195	NA	NA	NA	NA	NA	NA	NA	1.12	0.166	2.126	0.279	NA	0.050166667
04/09/2018	F3	MS-15	F3_M2_RW2	M	Low	Poor	4.215	4.335	3.218	NA	1.292	1.793	0.593	1.058	2.187	NA	NA	NA	NA	NA	NA	NA	1.119	0.161	2.065	0.28	NA	0.052333333
01/11/2018	F3	MS-64	F3_M3_RW1	M	High	Rich	6.217	6.068	4.311	4.294	1.486	2.904	0.787	1.264	3.045	NA	NA	NA	NA	0.183	0.312	1.134	1.14	0.164	1.615	0.488	0.165833333	0.061166667
01/11/2018	F3	MS-64	F3_M3_RW2	M	High	Rich	6.237	6.088	4.263	4.292	1.474	2.908	0.778	1.283	3.034	NA	NA	NA	NA	0.186	0.309	1.14	1.137	0.163	1.642	0.511	0.163666667	0.065
01/11/2018	F3	MS-65	F3_M4_RW1	M	High	Rich	6.449	6.17	4.283	4.252	1.444	2.691	0.672	1.239	2.985	NA	NA	NA	NA	0.186	0.325	1.126	1.168	0.168	2.119	0.429	0.161333333	0.066166667
01/11/2018	F3	MS-65	F3_M4_RW2	M	High	Rich	6.443	6.204	4.347	4.252	1.464	2.678	0.662	1.221	2.994	NA	NA	NA	NA	0.186	0.324	1.124	1.162	0.168	2.088	0.441	0.1575	0.058166667
07/11/2018	F3	MS-72	F3_M5_RW1	M	Low	Poor	4.069	4.145	3.113	3.378	1.145	1.825	0.556	1.039	2.24	NA	NA	NA	NA	0.174	0.29	1.093	1.15	0.173	1.988	0.281	0.1685	0.036
07/11/2018	F3	MS-72	F3_M5_RW2	M	Low	Poor	4.068	4.153	3.134	3.363	1.143	1.821	0.567	1.024	2.255	NA	NA	NA	NA	0.172	0.289	1.095	1.148	0.174	2.008	0.266	0.1735	0.036333333
13/11/2018	F3	MS-91	F3_M6_RW1	M	Low	Poor	4.092	4.213	3.262	3.48	1.207	1.823	0.553	1.071	2.32	NA	NA	NA	NA	0.177	0.292	1.08	1.136	0.155	2.029	NA	0.14	0.035666667
13/11/2018	F3	MS-91	F3_M6_RW2	M	Low	Poor	4.092	4.182	3.263	3.434	1.212	1.836	0.558	1.065	2.292	NA	NA	NA	NA	0.177	0.294	1.089	1.129	0.16	2.073	NA	0.14	0.040833333
17/08/2018	F4	FS-4	F4_F1_RW1	F	Low	Poor	3.571	3.4	2.532	NA	NA	1.492	0.478	0.956	2.095	1.666	0.124	0.145	0.089	NA	NA	NA	NA	NA	NA	NA	NA	NA
17/08/2018	F4	FS-4	F4_F1_RW2	F	Low	Poor	3.579	3.406	2.53	NA	NA	1.499	0.481	0.971	2.101	1.672	0.125	0.142	0.088	NA	NA	NA	NA	NA	NA	NA	NA	NA
17/08/2018	F4	FS-5	F4_F2_RW1	F	Low	Poor	3.876	3.321	2.263	3.13	1.14	NA	0.468	0.98	2.081	1.653	0.084	0.091	0.098	NA	NA	NA	NA	NA	NA	NA	NA	NA
17/08/2018	F4	FS-5	F4_F2_RW2	F	Low	Poor	3.869	3.324	2.267	3.135	1.132	NA	0.456	0.988	2.066	1.66	0.087	0.089	0.095	NA	NA	NA	NA	NA	NA	NA	NA	NA
17/08/2018	F4	FS-6	F4_F3_RW1	F	Low	Poor	3.861	3.358	2.319	NA	NA	1.332	0.433	0.972	2.014	1.548	0.129	0.137	NA	NA	NA	NA	NA	NA	NA	NA	NA	NA
17/08/2018	F4	FS-6	F4_F3_RW2	F	Low	Poor	3.854	3.361	2.318	NA	NA	1.327	0.447	0.966	2.017	1.544	0.129	0.139	NA	NA	NA	NA	NA	NA	NA	NA	NA	NA
25/10/2018	F4	FS-41	F4_F4_RW1	F	High	Rich	5.24	4.409	2.877	NA	1.528	1.939	0.582	1.074	2.7	2.17	0.077	0.085	0.079	NA	NA	NA	NA	NA	NA	NA	NA	NA
25/10/2018	F4	FS-41	F4_F4_RW2	F	High	Rich	5.236	4.405	2.921	NA	1.524	1.935	0.571	1.074	2.697	2.128	0.078	0.086	0.08	NA	NA	NA	NA	NA	NA	NA	NA	NA
25/10/2018	F4	FS-42	F4_F5_RW1	F	High	Rich	4.446	4.125	3.014	3.928	1.52	2.004	0.587	1.125	2.71	1.924	0.061	0.061	0.057	NA	NA	NA	NA	NA	NA	NA	NA	NA
25/10/2018	F4	FS-42	F4_F5_RW2	F	High	Rich	4.461	4.14	3.06	3.957	1.523	1.987	0.573	1.121	2.709	1.916	0.06	0.064	0.058	NA	NA	NA	NA	NA	NA	NA	NA	NA
08/11/2018	F4	FS-73	F4_F6_RW1	F	Low	Poor	3.98	3.31	2.365	NA	1.202	1.529	0.455	1.013	2.102	1.97	0.09	0.088	0.061	NA	NA	NA	NA	NA	NA	NA	NA	NA
08/11/2018	F4	FS-73	F4_F6_RW2	F	Low	Poor	4.001	3.279	2.361	NA	1.195	1.533	0.446	1.021	2.107	1.913	0.088	0.086	0.062	NA	NA	NA	NA	NA	NA	NA	NA	NA
19/11/2018	F4	FS-95	F4_F7_RW1	F	High	Rich	4.971	4.282	NA	3.89	1.525	1.908	0.59	1.111	2.713	2.093	0.108	0.097	0.079	NA	NA	NA	NA	NA	NA	NA	NA	NA
19/11/2018	F4	FS-95	F4_F7_RW2	F	High	Rich	4.924	4.319	NA	3.895	1.529	1.897	0.565	1.109	2.728	2.056	0.109	0.098	0.079	NA	NA	NA	NA	NA	NA	NA	NA	NA
17/08/2018	F4	MS-13	F4_M1_RW1	M	Low	Poor	3.643	3.644	2.951	3.131	NA	1.417	0.53	0.968	2.11	NA	NA	NA	NA	NA	NA	1.042	1.117	0.221	2.047	0.401	NA	0.040666667
17/08/2018	F4	MS-13	F4_M1_RW2	M	Low	Poor	3.647	3.71	2.928	3.144	NA	1.428	0.521	0.952	2.096	NA	NA	NA	NA	NA	NA	1.056	1.126	0.228	2.059	0.452	NA	0.044
12/10/2018	F4	MS-30	F4_M2_RW1	M	High	Rich	6.262	6.22	4.534	NA	1.422	2.685	0.769	1.044	2.964	NA	NA	NA	NA	0.203	0.319	1.182	1.19	0.166	1.816	0.338	0.144666667	0.063166667
12/10/2018	F4	MS-30	F4_M2_RW2	M	High	Rich	6.272	6.175	4.508	NA	1.428	2.72	0.769	1.035	3.017	NA	NA	NA	NA	0.21	0.32	1.19	1.199	0.167	1.814	0.34	0.1405	0.0615
25/10/2018	F4	MS-52	F4_M3_RW1	M	High	Rich	6.364	6.05	4.222	3.954	1.461	2.878	0.781	1.196	3.186	NA	NA	NA	NA	0.18	0.305	1.072	1.154	0.176	2.054	0.461	0.152833333	0.0565
25/10/2018	F4	MS-52	F4_M3_RW2	M	High	Rich	6.334	6.06	4.209	3.957	1.459	2.889	0.772	1.191	3.173	NA	NA	NA	NA	0.17	0.307	1.078	1.148	0.178	2.032	0.445	0.153166667	0.060166667
25/10/2018	F4	MS-53	F4_M4_RW1	M	High	Rich	6.304	6.174	NA	4.515	1.513	2.796	0.793	1.231	3.023	NA	NA	NA	NA	0.16	0.31	1.15	1.183	0.182	2.167	0.326	0.158166667	0.059166667
25/10/2018	F4	MS-53	F4_M4_RW2	M	High	Rich	6.273	6.157	NA	4.497	1.524	2.829	0.8	1.213	3.035	NA	NA	NA	NA	0.161	0.313	1.153	1.19	0.178	2.168	0.319	0.164333333	0.062
25/10/2018	F4	MS-54	F4_M5_RW1	M	High	Rich	6.223	6.045	4.187	4.352	1.57	2.791	0.775	1.172	3.077	NA	NA	NA	NA	0.196	0.322	1.056	1.166	0.176	1.858	0.385	0.172666667	0.0565
25/10/2018	F4	MS-54	F4_M5_RW2	M	High	Rich	6.227	6.029	4.223	4.355	1.555	2.796	0.783	1.205	3.073	NA	NA	NA	NA	0.195	0.316	1.057	1.169	0.171	1.859	0.37	0.163666667	0.054833333
30/10/2018	F4	MS-59	F4_M6_RW1	M	High	Rich	6.059	5.861	NA	4.488	1.485	2.809	0.796	1.098	3.135	NA	NA	NA	NA	0.205	0.304	1.149	1.144	0.165	2.035	0.481	0.146333333	0.066333333
30/10/2018	F4	MS-59	F4_M6_RW2	M	High	Rich	6.03	5.878	NA	4.447	1.498	2.807	0.794	1.084	3.128	NA	NA	NA	NA	0.209	0.299	1.154	1.139	0.164	2.041	0.464	0.144666667	0.067166667
08/11/2018	F4	MS-79	F4_M7_RW1	M	Low	Poor	4.101	3.803	2.828	3.189	1.185	1.738	0.549	0.935	2.161	NA	NA	NA	NA	0.184	0.274	1.057	1.135	0.169	2.009	0.324	0.159	0.036666667
08/11/2018	F4	MS-79	F4_M7_RW2	M	Low	Poor	4.099	3.829	2.855	3.202	1.178	1.751	0.552	0.935	2.16	NA	NA	NA	NA	0.179	0.276	1.064	1.13	0.171	2.046	0.33	0.161666667	0.036166667
08/11/2018	F4	MS-80	F4_M8_RW1	M	Low	Poor	3.985	4.114	3.055	3.265	1.181	1.691	0.552	0.974	2.239	NA	NA	NA	NA	0.145	0.289	1.058	1.128	0.179	1.754	0.24	0.161333333	0.043
08/11/2018	F4	MS-80	F4_M8_RW2	M	Low	Poor	4.004	4.081	3.06	3.275	1.191	1.694	0.571	0.967	2.254	NA	NA	NA	NA	0.159	0.29	1.068	1.1303	0.172	1.736	0.231	0.162333333	0.0435
24/10/2018	F6	FS-36	F6_F1_RW1	F	Low	Poor	3.599	2.88	1.983	2.93	1.012	1.363	0.432	0.965	1.859	1.765	0.078	0.062	0.073	NA	NA	NA	NA	NA	NA	NA	NA	NA
24/10/2018	F6	FS-36	F6_F1_RW2	F	Low	Poor	3.582	2.921	2.022	2.902	1.008	1.353	0.427	0.97	1.872	1.766	0.079	0.066	0.073	NA	NA	NA	NA	NA	NA	NA	NA	NA
24/10/2018	F6	FS-37	F6_F2_RW1	F	Low	Poor	3.56	3.021	2.107	2.958	1.068	1.358	0.429	0.881	1.676	1.653	0.086	0.077	0.061	NA	NA	NA	NA	NA	NA	NA	NA	NA
24/10/2018	F6	FS-37	F6_F2_RW2	F	Low	Poor	3.557	3.021	2.103	2.972	1.062	1.361	0.437	0.881	1.694	1.663	0.082	0.077	0.063	NA	NA	NA	NA	NA	NA	NA	NA	NA
30/10/2018	F6	FS-45	F6_F3_RW1	F	High	Rich	5.254	4.35	NA	4.1	1.411	1.958	0.582	1.192	2.714	2.055	0.063	0.064	0.073	NA	NA	NA	NA	NA	NA	NA	NA	NA
30/10/2018	F6	FS-45	F6_F3_RW2	F	High	Rich	5.258	4.295	NA	4.107	1.421	1.949	0.606	1.19	2.755	2.063	0.062	0.061	0.074	NA	NA	NA	NA	NA	NA	NA	NA	NA
30/10/2018	F6	FS-46	F6_F4_RW1	F	High	Rich	5.094	4.396	2.808	4.015	1.437	1.91	0.572	1.138	2.634	2.068	0.079	0.078	0.079	NA	NA	NA	NA	NA	NA	NA	NA	NA
30/10/2018	F6	FS-46	F6_F4_RW2	F	High	Rich	5.133	4.395	2.787	4.005	1.444	1.905	0.595	1.136	2.62	2.113	0.079	0.078	0.08	NA	NA	NA	NA	NA	NA	NA	NA	NA
30/10/2018	F6	FS-47	F6_F5_RW1	F	High	Rich	4.976	4.444	2.893	3.75	1.414	1.963	0.571	1.123	2.668	2.127	0.078	0.079	0.071	NA	NA	NA	NA	NA	NA	NA	NA	NA
30/10/2018	F6	FS-47	F6_F5_RW2	F	High	Rich	4.99	4.457	2.895	3.756	1.404	1.935	0.584	1.122	2.668	2.147	0.077	0.078	0.07	NA	NA	NA	NA	NA	NA	NA	NA	NA
31/10/2018	F6	FS-48	F6_F6_RW1	F	Low	Poor	3.405	2.816	1.925	2.876	0.929	1.415	0.451	0.917	1.802	1.855	0.074	0.088	0.056	NA	NA	NA	NA	NA	NA	NA	NA	NA
31/10/2018	F6	FS-48	F6_F6_RW2	F	Low	Poor	3.419	2.803	1.964	2.873	0.928	1.409	0.46	0.931	1.818	1.824	0.076	0.085	0.056	NA	NA	NA	NA	NA	NA	NA	NA	NA
01/11/2018	F6	FS-49	F6_F7_RW1	F	Low	Poor	3.222	2.845	1.925	2.743	0.946	1.237	0.403	0.874	1.699	1.582	0.065	0.082	0.058	NA	NA	NA	NA	NA	NA	NA	NA	NA
01/11/2018	F6	FS-49	F6_F7_RW2	F	Low	Poor	3.208	2.86	1.938	2.751	0.937	1.251	0.392	0.872	1.71	1.582	0.067	0.08	0.058	NA	NA	NA	NA	NA	NA	NA	NA	NA
24/10/2018	F6	MS-48	F6_M1_RW1	M	Low	Poor	3.081	3.242	2.435	2.817	1.009	1.422	0.437	0.892	1.652	NA	NA	NA	NA	0.154	0.255	0.995	1.054	0.171	1.786	0.113	0.166666667	0.037333333
24/10/2018	F6	MS-48	F6_M1_RW2	M	Low	Poor	3.109	3.239	2.432	2.793	1.008	1.412	0.431	0.889	1.667	NA	NA	NA	NA	0.158	0.252	1.004	1.057	0.179	1.727	0.112	0.163166667	0.0375
24/10/2018	F6	MS-49	F6_M2_RW1	M	High	Rich	6.449	6.289	4.452	4.481	1.585	2.918	0.794	1.255	3.155	NA	NA	NA	NA	0.18	0.253	1.146	1.131	0.176	2.167	0.416	0.151833333	0.062833333
24/10/2018	F6	MS-49	F6_M2_RW2	M	High	Rich	6.441	6.281	4.498	4.464	1.586	2.929	0.783	1.229	3.162	NA	NA	NA	NA	0.173	0.252	1.155	1.132	0.177	2.27	0.406	0.154833333	0.065166667
25/10/2018	F6	MS-50	F6_M3_RW1	M	High	Rich	6.815	6.498	4.544	4.553	1.622	2.872	0.828	1.285	3.094	NA	NA	NA	NA	0.183	0.332	1.083	1.198	0.184	NA	0.423	0.1565	0.0695
25/10/2018	F6	MS-50	F6_M3_RW2	M	High	Rich	6.838	6.451	4.532	4.591	1.627	2.847	0.828	1.276	3.113	NA	NA	NA	NA	0.18	0.336	1.085	1.205	0.182	NA	0.419	0.154666667	0.0655
31/10/2018	F6	MS-60	F6_M4_RW1	M	High	Rich	6.148	5.837	4.314	4.274	1.535	2.795	0.783	1.072	2.997	NA	NA	NA	NA	0.184	0.328	1.135	1.108	0.18	1.87	0.453	0.1655	0.072833333
31/10/2018	F6	MS-60	F6_M4_RW2	M	High	Rich	6.121	5.89	4.276	4.277	1.519	2.793	0.774	1.066	3.005	NA	NA	NA	NA	0.18	0.339	1.143	1.11	0.181	1.87	0.455	0.1615	0.074166667
31/10/2018	F6	MS-61	F6_M5_RW1	M	Low	Poor	3.272	3.373	1.636	2.825	0.982	1.482	0.487	NA	1.861	NA	NA	NA	NA	0.275	0.264	1.034	1.085	0.169	1.98	0.192	0.155333333	0.030166667
31/10/2018	F6	MS-61	F6_M5_RW2	M	Low	Poor	3.258	3.382	1.646	2.83	0.987	1.489	0.489	NA	1.868	NA	NA	NA	NA	0.262	0.261	1.032	1.084	0.163	2.028	0.186	0.1575	0.0295
01/11/2018	F6	MS-62	F6_M6_RW1	M	Low	Poor	3.04	3.157	2.537	2.844	0.898	1.457	0.472	0.889	1.935	NA	NA	NA	NA	0.177	0.294	1.022	1.048	0.178	1.917	0.074	NA	0.029333333
01/11/2018	F6	MS-62	F6_M6_RW2	M	Low	Poor	3.04	3.103	2.556	2.849	0.903	1.464	0.462	0.881	1.954	NA	NA	NA	NA	0.18	0.292	1.022	1.053	0.173	1.884	0.085	NA	0.028666667
07/11/2018	F6	MS-75	F6_M7_RW1	M	Low	Poor	3.168	3.315	2.625	2.938	1.009	1.469	0.492	0.951	1.9	NA	NA	NA	NA	0.149	0.235	1.002	1.3	0.167	1.992	0.148	0.170166667	0.028833333
07/11/2018	F6	MS-75	F6_M7_RW2	M	Low	Poor	3.191	3.322	2.623	2.939	1.019	1.461	0.499	0.963	1.907	NA	NA	NA	NA	0.149	0.236	1.013	1.293	0.169	2.038	0.15	0.168833333	0.031333333
16/08/2018	F7	FS-1	F7_F1_RW1	F	Low	Poor	4.212	3.581	2.4	3.171	0.873	1.59	0.472	1.032	2.187	1.689	0.073	0.091	NA	NA	NA	NA	NA	NA	NA	NA	NA	NA
16/08/2018	F7	FS-1	F7_F1_RW2	F	Low	Poor	4.173	3.582	2.4	3.162	0.882	1.622	0.464	1.041	2.212	1.691	0.073	0.091	NA	NA	NA	NA	NA	NA	NA	NA	NA	NA
16/08/2018	F7	FS-2	F7_F2_RW1	F	Low	Poor	4.128	3.646	2.433	3.259	1.252	1.615	0.49	1.043	2.218	1.827	0.05	0.092	0.047	NA	NA	NA	NA	NA	NA	NA	NA	NA
16/08/2018	F7	FS-2	F7_F2_RW2	F	Low	Poor	4.122	3.62	2.463	3.277	1.249	1.635	0.498	1.031	2.23	1.838	0.052	0.095	0.048	NA	NA	NA	NA	NA	NA	NA	NA	NA
16/08/2018	F7	FS-3	F7_F3_RW1	F	Low	Poor	4.119	3.612	2.318	NA	1.224	1.549	0.512	0.999	2.319	1.567	0.103	0.103	0.081	NA	NA	NA	NA	NA	NA	NA	NA	NA
16/08/2018	F7	FS-3	F7_F3_RW2	F	Low	Poor	4.1	3.612	2.318	NA	1.177	1.555	0.509	1.002	2.348	1.574	0.103	0.105	0.079	NA	NA	NA	NA	NA	NA	NA	NA	NA
04/11/2018	F7	FS-55	F7_F4_RW1	F	High	Rich	5.001	4.421	NA	NA	1.521	1.99	0.576	1.149	2.664	2.031	0.056	0.053	0.052	NA	NA	NA	NA	NA	NA	NA	NA	NA
04/11/2018	F7	FS-55	F7_F4_RW2	F	High	Rich	4.955	4.393	NA	NA	1.527	2.001	0.588	1.109	2.672	2.029	0.057	0.054	0.053	NA	NA	NA	NA	NA	NA	NA	NA	NA
04/11/2018	F7	FS-56	F7_F5_RW1	F	High	Rich	5.046	4.384	2.926	3.84	1.425	1.907	0.541	1.17	2.715	2.095	NA	NA	0.071	NA	NA	NA	NA	NA	NA	NA	NA	NA
04/11/2018	F7	FS-56	F7_F5_RW2	F	High	Rich	5.047	4.295	2.927	3.837	1.424	1.904	0.541	1.172	2.701	2.09	NA	NA	0.072	NA	NA	NA	NA	NA	NA	NA	NA	NA
04/11/2018	F7	FS-57	F7_F6_RW1	F	High	Rich	4.929	4.31	2.976	3.727	1.491	1.875	0.575	1.129	2.627	2	0.073	0.088	0.061	NA	NA	NA	NA	NA	NA	NA	NA	NA
04/11/2018	F7	FS-57	F7_F6_RW2	F	High	Rich	4.931	4.328	2.968	3.728	1.48	1.888	0.582	1.114	2.632	1.996	0.076	0.09	0.059	NA	NA	NA	NA	NA	NA	NA	NA	NA
18/10/2018	F7	MS-36	F7_M1_RW1	M	Low	Poor	3.733	3.763	2.804	3.014	1.21	1.592	0.542	0.852	1.969	NA	NA	NA	NA	0.169	0.289	1.065	1.105	0.144	1.782	0.327	0.170333333	0.039166667
18/10/2018	F7	MS-36	F7_M1_RW2	M	Low	Poor	3.728	3.777	2.785	3.034	1.207	1.6	0.559	0.871	1.984	NA	NA	NA	NA	0.168	0.287	1.068	1.1	0.143	1.772	0.334	0.1725	0.038166667
25/10/2018	F7	MS-51	F7_M2_RW1	M	High	Rich	6.625	6.248	4.438	4.356	1.611	3.064	0.757	1.157	3.24	NA	NA	NA	NA	0.185	0.332	1.143	1.185	0.19	1.702	0.615	0.155	0.055
25/10/2018	F7	MS-51	F7_M2_RW2	M	High	Rich	6.638	6.251	4.484	4.338	1.614	3.088	0.785	1.157	3.254	NA	NA	NA	NA	0.186	0.33	1.157	1.178	0.189	1.687	0.635	0.157666667	0.060833333
04/11/2018	F7	MS-68	F7_M3_RW1	M	High	Rich	6.611	6.331	NA	4.446	1.577	2.85	0.839	1.195	3.176	NA	NA	NA	NA	0.184	0.324	1.162	NA	NA	NA	0.476	0.155166667	0.058
04/11/2018	F7	MS-68	F7_M3_RW2	M	High	Rich	6.606	6.323	NA	4.446	1.587	2.832	0.835	1.184	3.173	NA	NA	NA	NA	0.184	0.318	1.168	NA	NA	NA	0.46	0.159833333	0.056
11/11/2018	F7	MS-84	F7_M4_RW1	M	Low	Poor	4.261	4.338	3.25	3.394	1.21	1.974	0.559	1.051	2.381	NA	NA	NA	NA	0.158	0.304	1.071	1.098	0.18	NA	0.331	0.158333333	0.036333333
11/11/2018	F7	MS-84	F7_M4_RW2	M	Low	Poor	4.255	4.306	3.241	3.421	1.209	1.96	0.572	1.045	2.368	NA	NA	NA	NA	0.158	0.304	1.069	1.103	0.181	NA	0.334	0.164833333	0.039833333
11/11/2018	F7	MS-85	F7_M5_RW1	M	Low	Poor	3.845	3.866	2.987	3.101	1.108	1.715	0.52	1.044	2.098	NA	NA	NA	NA	0.161	0.302	1.073	1.114	0.157	2.013	0.335	0.157833333	0.032166667
11/11/2018	F7	MS-85	F7_M5_RW2	M	Low	Poor	3.845	3.869	3.028	3.095	1.113	1.723	0.521	1.038	2.088	NA	NA	NA	NA	0.161	0.308	1.081	1.122	0.16	2.015	0.337	0.1605	0.031166667
11/11/2018	F9	FS-79	F9_F1_RW1	F	Low	Poor	4.06	3.45	2.266	3.31	1.034	1.672	0.431	NA	2.166	2.03	0.069	0.068	0.048	NA	NA	NA	NA	NA	NA	NA	NA	NA
11/11/2018	F9	FS-79	F9_F1_RW2	F	Low	Poor	4.019	3.403	2.299	3.307	1.049	1.669	0.427	NA	2.174	2.007	0.069	0.07	0.047	NA	NA	NA	NA	NA	NA	NA	NA	NA
12/11/2018	F9	FS-80	F9_F2_RW1	F	Low	Poor	4.149	3.548	2.431	3.315	1.114	1.679	0.496	1.08	2.262	1.943	0.079	0.073	0.061	NA	NA	NA	NA	NA	NA	NA	NA	NA
12/11/2018	F9	FS-80	F9_F2_RW2	F	Low	Poor	4.149	3.507	2.457	3.31	1.121	1.682	0.495	1.074	2.255	1.952	0.08	0.074	0.06	NA	NA	NA	NA	NA	NA	NA	NA	NA
12/11/2018	F9	FS-81	F9_F3_RW1	F	Low	Poor	4.206	3.558	2.507	3.456	1.253	1.633	0.504	1.051	2.274	2.046	0.074	0.073	0.074	NA	NA	NA	NA	NA	NA	NA	NA	NA
12/11/2018	F9	FS-81	F9_F3_RW2	F	Low	Poor	4.193	3.55	2.507	3.471	1.245	1.629	0.508	1.081	2.273	2.052	0.072	0.073	0.074	NA	NA	NA	NA	NA	NA	NA	NA	NA
14/11/2018	F9	FS-90	F9_F4_RW1	F	High	Rich	5.095	4.242	2.888	3.989	1.498	1.905	0.586	1.121	2.666	2.114	0.076	0.081	0.074	NA	NA	NA	NA	NA	NA	NA	NA	NA
14/11/2018	F9	FS-90	F9_F4_RW2	F	High	Rich	5.1	4.327	2.852	4.005	1.5	1.893	0.581	1.141	2.664	2.104	0.077	0.082	0.072	NA	NA	NA	NA	NA	NA	NA	NA	NA
14/11/2018	F9	FS-91	F9_F5_RW1	F	High	Rich	5.074	4.369	3.013	4.016	1.447	1.93	0.606	1.122	2.72	2.035	0.061	0.054	0.063	NA	NA	NA	NA	NA	NA	NA	NA	NA
14/11/2018	F9	FS-91	F9_F5_RW2	F	High	Rich	5.07	4.38	2.96	4.014	1.446	1.929	0.61	1.117	2.742	2.063	0.062	0.056	0.063	NA	NA	NA	NA	NA	NA	NA	NA	NA
14/11/2018	F9	FS-92	F9_F6_RW1	F	High	Rich	4.911	4.281	2.991	3.952	1.454	1.965	0.544	1.182	2.737	1.893	0.057	0.057	0.057	NA	NA	NA	NA	NA	NA	NA	NA	NA
14/11/2018	F9	FS-92	F9_F6_RW2	F	High	Rich	4.941	4.317	2.966	3.957	1.446	1.98	0.549	1.178	2.741	1.902	0.055	0.058	0.055	NA	NA	NA	NA	NA	NA	NA	NA	NA
17/10/2018	F9	MS-33	F9_M1_RW1	M	High	Rich	6.522	6.454	4.361	4.472	1.493	2.939	0.779	1.164	3.029	NA	NA	NA	NA	0.183	0.339	1.159	1.161	0.18	1.403	0.691	0.147333333	0.073833333
17/10/2018	F9	MS-33	F9_M1_RW2	M	High	Rich	6.529	6.451	4.343	4.47	1.491	2.972	0.803	1.154	3.013	NA	NA	NA	NA	0.184	0.332	1.164	1.15	0.175	1.401	0.703	0.148833333	0.070666667
17/10/2018	F9	MS-34	F9_M2_RW1	M	High	Rich	6.51	6.337	4.492	4.455	1.375	2.983	0.787	1.204	3.097	NA	NA	NA	NA	0.203	0.314	1.22	1.217	0.148	1.319	0.818	0.146333333	0.0595
18/10/2018	F10	MS-34	F9_M2_RW2	M	High	Rich	6.51	6.337	4.492	4.455	1.375	2.983	0.787	1.204	3.097	NA	NA	NA	NA	0.203	0.314	1.22	1.217	0.148	1.319	0.818	0.146333333	0.0595
18/10/2018	F9	MS-35	F9_M3_RW1	M	High	Rich	6.256	6.212	4.269	4.345	1.247	2.825	0.799	1.092	3.064	NA	NA	NA	NA	0.147	0.301	1.149	1.208	0.165	1.522	0.519	0.136666667	0.033666667
18/10/2018	F9	MS-35	F9_M3_RW2	M	High	Rich	6.263	6.21	4.298	4.317	1.245	2.806	0.801	1.106	3.069	NA	NA	NA	NA	0.151	0.297	1.154	1.206	0.168	1.53	0.544	0.131833333	0.033166667
12/11/2018	F9	MS-87	F9_M4_RW1	M	Low	Poor	4.413	4.428	NA	3.422	1.24	1.96	0.643	1.036	2.288	NA	NA	NA	NA	0.178	0.298	1.086	1.13	0.179	1.547	0.334	0.1555	0.042333333
12/11/2018	F9	MS-87	F9_M4_RW2	M	Low	Poor	4.424	4.419	NA	3.418	1.242	1.964	0.652	1.039	2.28	NA	NA	NA	NA	0.181	0.303	1.088	1.126	0.172	1.897	0.36	0.152	0.040333333
12/11/2018	F9	MS-88	F9_M5_RW1	M	Low	Poor	4.597	4.569	3.217	NA	1.249	2.167	0.593	0.9	2.444	NA	NA	NA	NA	0.147	0.232	1.097	1.127	0.155	1.814	0.232	0.167	0.0475
12/11/2018	F9	MS-88	F9_M5_RW2	M	Low	Poor	4.612	4.55	3.215	NA	1.251	2.174	0.593	0.882	2.441	NA	NA	NA	NA	0.168	0.233	1.1	1.127	0.156	1.832	0.243	0.167166667	0.044666667
12/11/2018	F9	MS-89	F9_M6_RW1	M	Low	Poor	4.476	4.544	3.281	3.435	1.201	2.052	0.622	1.043	2.331	NA	NA	NA	NA	0.15	0.299	1.126	1.178	0.166	1.886	0.296	0.169666667	0.045333333
12/11/2018	F9	MS-89	F9_M6_RW2	M	Low	Poor	4.491	4.54	3.293	3.438	1.193	2.076	0.628	1.036	2.33	NA	NA	NA	NA	0.151	0.301	1.128	1.179	0.169	1.882	0.322	0.1675	0.0475